1 1 1.06666666666033e+02
1 3 -2.66666666665083e+01
3 1 -2.66666666665083e+01
1 4 -2.66666666665083e+01
4 1 -2.66666666665083e+01
1 5 -6.66666666648830e+01
5 1 -6.66666666648830e+01
2 2 1.06666666654931e+02
2 3 -2.00000000005751e+01
3 2 -2.00000000005751e+01
2 4 2.00000000005751e+01
4 2 2.00000000005751e+01
2 6 1.33333333263153e+01
6 2 1.33333333263153e+01
3 3 1.06666666671584e+02
3 5 1.33333333318664e+01
5 3 1.33333333318664e+01
3 6 2.77555756156289e-09
6 3 2.77555756156289e-09
3 7 -2.66666666665083e+01
7 3 -2.66666666665083e+01
3 8 2.00000000005751e+01
8 3 2.00000000005751e+01
3 10 -3.33333333296659e+01
10 3 -3.33333333296659e+01
4 4 1.06666666666667e+02
4 5 1.33333333333333e+01
5 4 1.33333333333333e+01
4 7 -2.66666666666667e+01
7 4 -2.66666666666667e+01
4 8 -2.00000000000000e+01
8 4 -2.00000000000000e+01
4 9 -3.33333333333333e+01
9 4 -3.33333333333333e+01
5 5 2.13333333332066e+02
5 6 2.77555756156289e-09
6 5 2.77555756156289e-09
5 7 -6.66666666621074e+01
7 5 -6.66666666621074e+01
5 8 2.77555756156289e-09
8 5 2.77555756156289e-09
5 9 -2.66666666665083e+01
9 5 -2.66666666665083e+01
5 10 -2.66666666637327e+01
10 5 -2.66666666637327e+01
6 6 2.13333333309862e+02
6 8 1.33333333263153e+01
8 6 1.33333333263153e+01
6 9 2.00000000116773e+01
9 6 2.00000000116773e+01
6 10 -2.00000000116773e+01
10 6 -2.00000000116773e+01
7 7 1.06666666666033e+02
7 8 -2.77555756156289e-09
8 7 -2.77555756156289e-09
7 9 6.66666666593319e+00
9 7 6.66666666593319e+00
7 10 6.66666666038207e+00
10 7 6.66666666038207e+00
8 8 1.06666666677135e+02
8 10 1.11022302462516e-08
10 8 1.11022302462516e-08
9 9 5.33333333333333e+01
10 10 5.33333333330166e+01
