1 1 1.06666666666667e+02
1 2 3.55271367880050e-15
2 1 3.55271367880050e-15
1 3 -2.66666666666667e+01
3 1 -2.66666666666667e+01
1 4 -2.66666666666667e+01
4 1 -2.66666666666667e+01
1 5 -6.66666666666667e+01
5 1 -6.66666666666667e+01
1 6 -4.44089209850063e-16
6 1 -4.44089209850063e-16
2 2 1.06666666666667e+02
2 3 -2.00000000000000e+01
3 2 -2.00000000000000e+01
2 4 2.00000000000000e+01
4 2 2.00000000000000e+01
2 5 -4.44089209850063e-16
5 2 -4.44089209850063e-16
2 6 1.33333333333333e+01
6 2 1.33333333333333e+01
3 3 1.06666666666667e+02
3 5 1.33333333333333e+01
5 3 1.33333333333333e+01
3 6 -2.22044604925031e-16
6 3 -2.22044604925031e-16
3 7 -2.66666666666667e+01
7 3 -2.66666666666667e+01
3 8 2.00000000000000e+01
8 3 2.00000000000000e+01
3 10 -3.33333333333333e+01
10 3 -3.33333333333333e+01
4 4 1.06666666666667e+02
4 5 1.33333333333333e+01
5 4 1.33333333333333e+01
4 6 8.88178419700125e-16
6 4 8.88178419700125e-16
4 7 -2.66666666666667e+01
7 4 -2.66666666666667e+01
4 8 -2.00000000000000e+01
8 4 -2.00000000000000e+01
4 9 -3.33333333333333e+01
9 4 -3.33333333333333e+01
5 5 2.13333333333333e+02
5 6 7.10542735760100e-15
6 5 7.10542735760100e-15
5 7 -6.66666666666667e+01
7 5 -6.66666666666667e+01
5 8 6.66133814775094e-16
8 5 6.66133814775094e-16
5 9 -2.66666666666667e+01
9 5 -2.66666666666667e+01
5 10 -2.66666666666667e+01
10 5 -2.66666666666667e+01
6 6 2.13333333333333e+02
6 7 1.16573417585641e-15
7 6 1.16573417585641e-15
6 8 1.33333333333333e+01
8 6 1.33333333333333e+01
6 9 2.00000000000000e+01
9 6 2.00000000000000e+01
6 10 -2.00000000000000e+01
10 6 -2.00000000000000e+01
7 7 1.06666666666667e+02
7 8 -1.06581410364015e-14
8 7 -1.06581410364015e-14
7 9 6.66666666666667e+00
9 7 6.66666666666667e+00
7 10 6.66666666666666e+00
10 7 6.66666666666666e+00
8 8 1.06666666666667e+02
8 9 -4.44089209850063e-16
9 8 -4.44089209850063e-16
8 10 -8.88178419700125e-16
10 8 -8.88178419700125e-16
9 9 5.33333333333333e+01
10 10 5.33333333333333e+01
