1 1 1.06666666664923e+02
1 2 1.60461959518386e-09
2 1 1.60461959518386e-09
1 3 -2.66666666677997e+01
3 1 -2.66666666677997e+01
1 4 -2.66666666665036e+01
4 1 -2.66666666665036e+01
1 5 -6.66666666667025e+01
5 1 -6.66666666667025e+01
1 6 -1.60462247496793e-09
6 1 -1.60462247496793e-09
2 2 1.06666666660482e+02
2 3 -2.00000000005751e+01
3 2 -2.00000000005751e+01
2 4 2.00000000061262e+01
4 2 2.00000000061262e+01
2 6 1.33333333318664e+01
6 2 1.33333333318664e+01
3 3 1.06666666666377e+02
3 5 1.33333333346602e+01
5 3 1.33333333346602e+01
3 6 1.56125374288379e-09
6 3 1.56125374288379e-09
3 7 -2.66666666644795e+01
7 3 -2.66666666644795e+01
3 8 2.00000000002282e+01
8 3 2.00000000002282e+01
3 10 -3.33333333319757e+01
10 3 -3.33333333319757e+01
4 4 1.06666666663614e+02
4 5 1.33333333325200e+01
5 4 1.33333333325200e+01
4 6 -7.31029961453067e-10
6 4 -7.31029961453067e-10
4 7 -2.66666666675920e+01
7 4 -2.66666666675920e+01
4 8 -1.99999999996809e+01
8 4 -1.99999999996809e+01
4 9 -3.33333333351544e+01
9 4 -3.33333333351544e+01
5 5 2.13333333335558e+02
5 6 -1.36335384626082e-10
6 5 -1.36335384626082e-10
5 7 -6.66666666644403e+01
7 5 -6.66666666644403e+01
5 8 1.46635211108277e-10
8 5 1.46635211108277e-10
5 9 -2.66666666665710e+01
9 5 -2.66666666665710e+01
5 10 -2.66666666655863e+01
10 5 -2.66666666655863e+01
6 6 2.13333333343169e+02
6 7 -5.55111512312578e-09
7 6 -5.55111512312578e-09
6 8 1.33333333263153e+01
8 6 1.33333333263153e+01
6 9 1.99999999894729e+01
9 6 1.99999999894729e+01
6 10 -2.00000000061262e+01
10 6 -2.00000000061262e+01
7 7 1.06666666663986e+02
7 8 -1.46634879428238e-10
8 7 -1.46634879428238e-10
7 9 6.66666666755712e+00
9 7 6.66666666755712e+00
7 10 6.66666666505452e+00
10 7 6.66666666505452e+00
8 8 1.06666666660482e+02
8 9 5.55111512312578e-09
9 8 5.55111512312578e-09
8 10 -5.55111512312578e-09
10 8 -5.55111512312578e-09
9 9 5.33333333341682e+01
10 10 5.33333333325075e+01
