1 1 1.06666666666667e+02
1 2 -3.33333333333333e+01
1 3 -2.66666666666667e+01
1 4 2.00000000000000e+01
1 5 1.33333333333333e+01
1 6 8.88178419700125e-16
1 7 -2.66666666666667e+01
1 8 -2.00000000000000e+01
2 1 -3.33333333333333e+01
2 2 5.33333333333333e+01
2 5 -2.66666666666667e+01
2 6 2.00000000000000e+01
2 7 6.66666666666667e+00
2 8 -4.44089209850063e-16
3 1 -2.66666666666667e+01
3 3 1.06666666666667e+02
3 4 3.55271367880050e-15
3 5 -6.66666666666667e+01
3 6 -4.44089209850063e-16
3 9 -2.66666666666667e+01
4 1 2.00000000000000e+01
4 3 3.55271367880050e-15
4 4 1.06666666666667e+02
4 5 -4.44089209850063e-16
4 6 1.33333333333333e+01
4 9 -2.00000000000000e+01
5 1 1.33333333333333e+01
5 2 -2.66666666666667e+01
5 3 -6.66666666666667e+01
5 4 -4.44089209850063e-16
5 5 2.13333333333333e+02
5 6 7.10542735760100e-15
5 7 -6.66666666666667e+01
5 8 6.66133814775094e-16
5 9 1.33333333333333e+01
5 10 -2.66666666666667e+01
6 1 8.88178419700125e-16
6 2 2.00000000000000e+01
6 3 -4.44089209850063e-16
6 4 1.33333333333333e+01
6 5 7.10542735760100e-15
6 6 2.13333333333333e+02
6 7 1.16573417585641e-15
6 8 1.33333333333333e+01
6 9 -2.22044604925031e-16
6 10 -2.00000000000000e+01
7 1 -2.66666666666667e+01
7 2 6.66666666666667e+00
7 5 -6.66666666666667e+01
7 6 1.16573417585641e-15
7 7 1.06666666666667e+02
7 8 -1.06581410364015e-14
7 9 -2.66666666666667e+01
7 10 6.66666666666666e+00
8 1 -2.00000000000000e+01
8 2 -4.44089209850063e-16
8 5 6.66133814775094e-16
8 6 1.33333333333333e+01
8 7 -1.06581410364015e-14
8 8 1.06666666666667e+02
8 9 2.00000000000000e+01
8 10 -8.88178419700125e-16
9 3 -2.66666666666667e+01
9 4 -2.00000000000000e+01
9 5 1.33333333333333e+01
9 6 -2.22044604925031e-16
9 7 -2.66666666666667e+01
9 8 2.00000000000000e+01
9 9 1.06666666666667e+02
9 10 -3.33333333333333e+01
10 5 -2.66666666666667e+01
10 6 -2.00000000000000e+01
10 7 6.66666666666666e+00
10 8 -8.88178419700125e-16
10 9 -3.33333333333333e+01
10 10 5.33333333333333e+01
