
 Input file version: v3.4.1

 T i t l e : 2x2 quad4 mesh subject to gravity loading

 E x e c u t i o n   C o n t r o l   I n f o r m a t i o n :

 Analysis code . . . . . . . . . . . . . . . . . = 3
    eq. 1, linear elastostatic
    eq. 2, linear elastodynamic
    eq. 3, nonlinear elastostatic
    eq. 4, nonlinear elastodynamic
    eq. 5, dynamic relaxation
    eq. 6, linear explicit dynamic
    eq. 7, nonlinear explicit dynamic
    eq. 30, perfectly matched layer (PML)
    eq. 99, general multiple field problem
 Input format. . . . . . . . . . . . . . . . . . = 1
    eq.  0. Tahoe
    eq.  1. Tahoe II
    eq.  3. Ensight 6 Gold ASCII
    eq.  4. Ensight 6 Gold Binary
    eq.  5. Exodus II
    eq.  6. ABAQUS ASCII (.fin)
    eq.  7. ABAQUS Binary (.fil)
    eq. 10. PATRAN Neutral
    eq. 11. Tahoe Results (.geo/.run)
 Geometry file . . . . . . . . . . . . . . . . . = protected/benchmark/level.0/2D.elastostatic/../geometry/quad4.2x2.geom
 Output format . . . . . . . . . . . . . . . . . = 0
    eq.  1. Tahoe II
    eq.  2. TecPlot 7.5
    eq.  3. Ensight 6 Gold ASCII
    eq.  4. Ensight 6 Gold Binary
    eq.  5. Exodus II
    eq.  6. ABAQUS ASCII (.fin)
    eq.  7. ABAQUS Binary (.fil)
    eq.  8. AVS UCD ASCII
    eq. 10. PATRAN Neutral
    eq. 12. PARADYN
 Read restart file code  . . . . . . . . . . . . = 0
    eq. 0, do not read restart file
    eq. 1, read restart file
 Restart file increment (at current step size) . = 0
 Input data print code . . . . . . . . . . . . . = 0
    eq. 0, non verbose echo of input data
    eq. 1, echo all input data
 Number of solver groups . . . . . . . . . . . . = 1


 T i m e   S e q u e n c e   D a t a :

 Number of time sequences  . . . . . . . . . . . = 1

 Sequence number . . . . . . . . . . . . . . . . = 1
 Number of time steps. . . . . . . . . . . . . . = 1
 Output print increment (< 0: current step size) = 1
 Maximum number of load step cuts. . . . . . . . = 0
 Time step . . . . . . . . . . . . . . . . . . . = 1.000000e+00


 L o a d - T i m e   F u n c t i o n   D a t a :

 Number of load-time functions . . . . . . . . . = 1
 Loadtime function number. . . . . . . . . . . . = 1

           time         factor
   0.000000e+00   0.000000e+00
   1.000000e+00   1.000000e+00


 T i m e   I n t e g r a t o r s:

 Static controller parameters: NONE

 N o d a l   D a t a :

 Number of nodal points. . . . . . . . . . . . . = 9
 Number of spatial dimensions. . . . . . . . . . = 2

 Initial conditions:

 Number of initial condition cards . . . . . . . = 0


 Kinematic boundary conditions:

 Number of node sets . . . . . . . . . . . . . . = 3

 Node Set Name . . . . . . . . . . . . . . . . . = 1
 Number of cards . . . . . . . . . . . . . . . . = 3
 Node Set Name . . . . . . . . . . . . . . . . . = 2
 Number of cards . . . . . . . . . . . . . . . . = 3
 Node Set Name . . . . . . . . . . . . . . . . . = 4
 Number of cards . . . . . . . . . . . . . . . . = 3

 Number of kinematic boundary condition cards. . = 9


 K i n e m a t i c   B C   C o n t r o l l e r s :

 Number of controllers . . . . . . . . . . . . . = 0


 Force boundary conditions:

 Number of nodal force cards . . . . . . . . . . = 0


 N o d a l   F o r c e   C o n t r o l l e r s :

 Number of controllers . . . . . . . . . . . . . = 0


 N o d a l   H i s t o r i e s :


 E l e m e n t   G r o u p   D a t a :

 Number of element groups. . . . . . . . . . . . = 1

 Group number. . . . . . . . . . . . . . . . . . = 1
 Element type code . . . . . . . . . . . . . . . = 3
    eq. 1, rod
    eq. 2, elastic
    eq. 3, hyperelastic
    eq. 4, hyperelastic with localization
    eq. 6, diamond cubic lattice
    eq. 7, diamond cubic lattice with evolving params
    eq. 8, self-connecting rods
    eq. 9, self-connecting rods with periodic BC's
    eq. 10, diamond cubic lattice with periodic BC's
    eq. 11, cohesive surface element
    eq. 12, thermal surface element
    eq. 14, penalty contact
    eq. 16, augmented Lagrangian contact
    eq. 17, hyperelastic (total Lagrangian)
    eq. 18, elastic with MLS displacements
    eq. 19, hyperelastic MLS (total Lagrangian)
    eq. 20, hyperelastic MLS (total Lagrangian)
    eq. 21, linear diffusion element
    eq. 22, meshfree cohesive surface element
    eq. 31, Staggered MultiScale Element (for VMS) 
    eq. 68, Strict Anti-plane Shear gradient plasticity 
    eq. 23, 3D contact using ACME
    eq. 24, 3D contact using Lagrange multipliers
    eq. 28, 2D Lagrange multiplier contact elements
    eq. 30, 2D penalty contact elements
    eq. 34, 3D penalty contact elements
    eq. 35, Bridging Scale
    eq. 36, Q1P0 mixed element
    eq. 37, surface adhesion
    eq. 38, Pair Potential
    eq. 39, EAM Potential
 Associated field. . . . . . . . . . . . . . . . = "displacement"
 Element geometry code . . . . . . . . . . . . . = 1
    eq.-1, point
    eq.0, line
    eq.1, quadrilateral
    eq.2, triangle
    eq.3, hexahedron
    eq.4, tetrahedron
 Number of integration points. . . . . . . . . . = 4
 Mass type code. . . . . . . . . . . . . . . . . = 1
    eq.0, no mass matrix
    eq.1, consistent mass matrix
    eq.2, lumped mass matrix
 Strain-displacement option. . . . . . . . . . . = 0
    eq.0, standard
    eq.1, B-bar (mean dilatation)

 Element Connectivity:
 Number of connectivity data blocks. . . . . . . = 1
                   material number: 1
                element block name: 1
 Number of elements. . . . . . . . . . . . . . . = 4
 Block dimensions:
      ID    size
       1       4

 Number of nodal output codes. . . . . . . . . . = 7
    [0]: initial nodal coordinates
    [1]: nodal displacements
    [1]: nodal stresses
    [0]: nodal principal stresses
    [0]: nodal strain energy density
    [0]: wave speeds
    [0]: nodal material output parameters
 Number of element output codes. . . . . . . . . = 7
    [0]: reference centroid
    [0]: ip mass
    [0]: strain energy
    [0]: kinetic energy
    [0]: linear momentum
    [0]: ip stresses and strains
    [0]: ip material output parameters

 Body force vector:
 Body force load-time function number. . . . . . = 1
 Body force vector components:
   x[1] direction. . . . . . . . . . . . . . . . = 0.000000e+00
   x[2] direction. . . . . . . . . . . . . . . . = -1.000000e+01

 Traction boundary conditions:
 Number of traction BC side sets . . . . . . . . = 0


 Material Data:
 Number of materials . . . . . . . . . . . . . . = 1

 Material number . . . . . . . . . . . . . . . . = 1
 Material name:
    Large strain
    Kirchhoff-St.Venant
 Mass damping coefficient. . . . . . . . . . . . = 0.000000e+00
 Stiffness damping coefficient . . . . . . . . . = 0.000000e+00
 Density . . . . . . . . . . . . . . . . . . . . = 1.000000e+00
 Dilatation LTf. . . . . . . . . . . . . . . . . = 0
 Percent elongation. . . . . . . . . . . . . . . = 0.000000e+00
 Young's modulus . . . . . . . . . . . . . . . . = 1.000000e+02
 Poisson's ratio . . . . . . . . . . . . . . . . = 2.500000e-01
 Shear modulus . . . . . . . . . . . . . . . . . = 4.000000e+01
 Bulk modulus. . . . . . . . . . . . . . . . . . = 6.666667e+01
 Lame modulus  . . . . . . . . . . . . . . . . . = 4.000000e+01
 Thickness . . . . . . . . . . . . . . . . . . . = 1.000000e+00
 2D constraint option. . . . . . . . . . . . . . = 1
    eq.1, plane stress
    eq.2, plane strain

 S o l v e r   p a r a m e t e r s:

 Group . . . . . . . . . . . . . . . . . . . . . = 0
 Global equation type. . . . . . . . . . . . . . = 2
    eq. 0, diagonal matrix
    eq. 1, profile solver (symmetric and nonsymmetric)
    eq. 2, full matrix (most general)
    eq. 3, NOT AVAILABLE
    eq. 4, NOT AVAILABLE
    eq. 5, NOT AVAILABLE
 Output global equation numbers. . . . . . . . . = 0
 Check code. . . . . . . . . . . . . . . . . . . = 6
    eq. 0, no check
    eq. 1, print zero/negative pivots
    eq. 2, print all pivots
    eq. 3, print LHS matrix
    eq. 4, print RHS vector
    eq. 5, print vector
    eq. 6, check LHS matrix
 Finite difference perturbation. . . . . . . . . = 1.000000e-08

 O p t i m i z a t i o n   P a r a m e t e r s :

 Maximum number of iterations. . . . . . . . . . = 10
 Absolute convergence tolerance. . . . . . . . . = 1.000000e-10
 Relative convergence tolerance. . . . . . . . . = 1.000000e-12
 Divergence tolerance. . . . . . . . . . . . . . = 1.000000e+01
 Quick solution iteration count. (-1 to disable) = 6
 Number of quick solutions before step increase. = 3
 Iteration output print increment. . . . . . . . = 0

 Multi-solver parameters: 1
    rank   group       loop its.       pass its.
       1       0              -1              -1
 Maximum number of solver loops. . . . . . . . . = 1

 E q u a t i o n    S y s t e m    D a t a :

 Local number of equations . . . . . . . . . . . = 9
 Total number of equations . . . . . . . . . . . = 9

 T i m e   S e q u e n c e : 1

 NLSolver::Solve:
      group = 1
 iterations = -1
 NLSolver::Solve:
      group = 1
 iterations = -1

reference LHS:

LHS matrix:

   9.777778e+01   1.666667e+01   8.888889e+00  -4.440892e-16  -1.666667e+01   0.000000e+00   0.000000e+00   0.000000e+00   0.000000e+00
   1.666667e+01   9.777778e+01  -1.776357e-15   8.888889e+00   0.000000e+00  -2.888889e+01  -1.666667e+01  -2.444444e+01   0.000000e+00
   8.888889e+00  -1.776357e-15   1.955556e+02   0.000000e+00   2.664535e-15   1.666667e+01   8.888889e+00  -1.776357e-15  -1.666667e+01
  -4.440892e-16   8.888889e+00   0.000000e+00   1.955556e+02   8.888889e+00  -2.444444e+01  -2.220446e-15  -5.777778e+01  -2.444444e+01
  -1.666667e+01   0.000000e+00   2.664535e-15   8.888889e+00   9.777778e+01   0.000000e+00   1.666667e+01  -2.444444e+01  -2.888889e+01
   0.000000e+00  -2.888889e+01   1.666667e+01  -2.444444e+01   0.000000e+00   4.888889e+01  -3.333333e+00   4.444444e+00   0.000000e+00
   0.000000e+00  -1.666667e+01   8.888889e+00  -2.220446e-15   1.666667e+01  -3.333333e+00   9.777778e+01   0.000000e+00   3.333333e+00
   0.000000e+00  -2.444444e+01  -1.776357e-15  -5.777778e+01  -2.444444e+01   4.444444e+00   0.000000e+00   9.777778e+01   4.444444e+00
   0.000000e+00   0.000000e+00  -1.666667e+01  -2.444444e+01  -2.888889e+01   0.000000e+00   3.333333e+00   4.444444e+00   4.888889e+01


test LHS:

LHS matrix:

   9.777778e+01   1.666667e+01   8.888889e+00   0.000000e+00  -1.666667e+01   0.000000e+00   0.000000e+00   0.000000e+00   0.000000e+00
   1.666667e+01   9.777778e+01   0.000000e+00   8.888889e+00   0.000000e+00  -2.888889e+01  -1.666667e+01  -2.444444e+01   0.000000e+00
   8.888889e+00  -1.036741e-07   1.955556e+02   0.000000e+00   1.036741e-07   1.666667e+01   8.888889e+00   0.000000e+00  -1.666667e+01
   0.000000e+00   8.888889e+00   0.000000e+00   1.955556e+02   8.888889e+00  -2.444444e+01   1.776357e-07  -5.777778e+01  -2.444444e+01
  -1.666667e+01   0.000000e+00   0.000000e+00   8.888889e+00   9.777778e+01   0.000000e+00   1.666667e+01  -2.444444e+01  -2.888889e+01
   0.000000e+00  -2.888889e+01   1.666667e+01  -2.444444e+01   0.000000e+00   4.888889e+01  -3.333333e+00   4.444444e+00   0.000000e+00
   0.000000e+00  -1.666667e+01   8.888889e+00   0.000000e+00   1.666667e+01  -3.333333e+00   9.777778e+01   0.000000e+00   3.333333e+00
   0.000000e+00  -2.444444e+01  -8.881784e-08  -5.777778e+01  -2.444444e+01   4.444444e+00   1.776357e-07   9.777778e+01   4.444444e+00
   0.000000e+00   0.000000e+00  -1.666667e+01  -2.444444e+01  -2.888889e+01   0.000000e+00   3.333333e+00   4.444444e+00   4.888889e+01


reference LHS:

LHS matrix:

   8.615668e+01   1.432292e+01   1.702365e+01  -8.881784e-16  -1.432292e+01   0.000000e+00   0.000000e+00   0.000000e+00   0.000000e+00
   1.432292e+01   7.267361e+01   3.125000e-01   5.750868e+00   0.000000e+00  -2.481988e+01  -1.588542e+01  -2.118924e+01   0.000000e+00
   1.702365e+01   3.125000e-01   1.798655e+02  -7.105427e-15  -3.125000e-01   1.588542e+01   1.173720e+01   8.881784e-16  -1.588542e+01
  -8.881784e-16   5.750868e+00  -7.105427e-15   1.453472e+02   5.750868e+00  -2.118924e+01   8.881784e-16  -4.963976e+01  -2.118924e+01
  -1.432292e+01   0.000000e+00  -3.125000e-01   5.750868e+00   7.267361e+01   0.000000e+00   1.588542e+01  -2.118924e+01  -2.481988e+01
   0.000000e+00  -2.481988e+01   1.588542e+01  -2.118924e+01   0.000000e+00   4.237847e+01  -3.177083e+00   3.630642e+00   0.000000e+00
   0.000000e+00  -1.588542e+01   1.173720e+01   8.881784e-16   1.588542e+01  -3.177083e+00   9.370877e+01  -5.329071e-15   3.177083e+00
   0.000000e+00  -2.118924e+01   8.881784e-16  -4.963976e+01  -2.118924e+01   3.630642e+00  -5.329071e-15   8.475694e+01   3.630642e+00
   0.000000e+00   0.000000e+00  -1.588542e+01  -2.118924e+01  -2.481988e+01   0.000000e+00   3.177083e+00   3.630642e+00   4.237847e+01


test LHS:

LHS matrix:

   8.615668e+01   1.432292e+01   1.702365e+01  -2.220446e-08  -1.432292e+01   0.000000e+00   0.000000e+00   0.000000e+00   0.000000e+00
   1.432292e+01   7.267361e+01   3.125000e-01   5.750868e+00   0.000000e+00  -2.481988e+01  -1.588542e+01  -2.118924e+01   0.000000e+00
   1.702365e+01   3.125000e-01   1.798655e+02  -5.551115e-08  -3.125001e-01   1.588542e+01   1.173720e+01   0.000000e+00  -1.588542e+01
   2.664535e-07   5.750868e+00  -8.881784e-08   1.453472e+02   5.750868e+00  -2.118924e+01  -2.664535e-07  -4.963976e+01  -2.118924e+01
  -1.432292e+01   0.000000e+00  -3.125001e-01   5.750868e+00   7.267361e+01   0.000000e+00   1.588542e+01  -2.118924e+01  -2.481988e+01
   0.000000e+00  -2.481988e+01   1.588542e+01  -2.118924e+01   0.000000e+00   4.237847e+01  -3.177083e+00   3.630642e+00   0.000000e+00
   0.000000e+00  -1.588542e+01   1.173720e+01  -1.110223e-07   1.588542e+01  -3.177083e+00   9.370877e+01  -1.110223e-08   3.177083e+00
   0.000000e+00  -2.118924e+01   3.108624e-07  -4.963976e+01  -2.118924e+01   3.630642e+00   5.773160e-07   8.475695e+01   3.630643e+00
   0.000000e+00   0.000000e+00  -1.588542e+01  -2.118924e+01  -2.481988e+01   0.000000e+00   3.177083e+00   3.630642e+00   4.237847e+01


reference LHS:

LHS matrix:

   8.269945e+01   1.354763e+01   1.944372e+01  -1.776357e-15  -1.354763e+01   0.000000e+00   0.000000e+00   0.000000e+00   0.000000e+00
   1.354763e+01   6.663324e+01   4.550212e-01   4.995822e+00   0.000000e+00  -2.450188e+01  -1.582274e+01  -2.093484e+01   0.000000e+00
   1.944372e+01   4.550212e-01   1.760902e+02  -3.552714e-15  -4.550212e-01   1.582274e+01   1.195980e+01   4.440892e-15  -1.582274e+01
  -1.776357e-15   4.995822e+00  -3.552714e-15   1.332665e+02   4.995822e+00  -2.093484e+01   2.664535e-15  -4.900375e+01  -2.093484e+01
  -1.354763e+01   0.000000e+00  -4.550212e-01   4.995822e+00   6.663324e+01   0.000000e+00   1.582274e+01  -2.093484e+01  -2.450188e+01
   0.000000e+00  -2.450188e+01   1.582274e+01  -2.093484e+01   0.000000e+00   4.186967e+01  -3.164547e+00   3.567042e+00   0.000000e+00
   0.000000e+00  -1.582274e+01   1.195980e+01   2.664535e-15   1.582274e+01  -3.164547e+00   9.339077e+01  -1.065814e-14   3.164547e+00
   0.000000e+00  -2.093484e+01   4.440892e-15  -4.900375e+01  -2.093484e+01   3.567042e+00  -1.065814e-14   8.373934e+01   3.567042e+00
   0.000000e+00   0.000000e+00  -1.582274e+01  -2.093484e+01  -2.450188e+01   0.000000e+00   3.164547e+00   3.567042e+00   4.186967e+01


test LHS:

LHS matrix:

   8.269945e+01   1.354763e+01   1.944372e+01   8.881784e-08  -1.354763e+01   0.000000e+00   0.000000e+00   0.000000e+00   0.000000e+00
   1.354763e+01   6.663324e+01   4.550214e-01   4.995822e+00   0.000000e+00  -2.450188e+01  -1.582274e+01  -2.093484e+01   0.000000e+00
   1.944372e+01   4.550211e-01   1.760902e+02   0.000000e+00  -4.550212e-01   1.582274e+01   1.195980e+01  -5.551115e-08  -1.582274e+01
   3.552714e-07   4.995822e+00  -1.776357e-07   1.332665e+02   4.995822e+00  -2.093484e+01  -3.552714e-07  -4.900376e+01  -2.093484e+01
  -1.354763e+01   0.000000e+00  -4.550213e-01   4.995822e+00   6.663324e+01   0.000000e+00   1.582274e+01  -2.093484e+01  -2.450188e+01
   0.000000e+00  -2.450188e+01   1.582274e+01  -2.093484e+01   0.000000e+00   4.186967e+01  -3.164547e+00   3.567042e+00   0.000000e+00
   0.000000e+00  -1.582274e+01   1.195980e+01   1.110223e-08   1.582274e+01  -3.164547e+00   9.339077e+01  -3.330669e-08   3.164547e+00
   0.000000e+00  -2.093484e+01   3.552714e-07  -4.900375e+01  -2.093484e+01   3.567042e+00   5.329071e-07   8.373934e+01   3.567042e+00
   0.000000e+00   0.000000e+00  -1.582274e+01  -2.093483e+01  -2.450188e+01   0.000000e+00   3.164547e+00   3.567042e+00   4.186967e+01


reference LHS:

LHS matrix:

   8.229786e+01   1.345468e+01   1.972483e+01   8.881784e-16  -1.345468e+01   0.000000e+00   0.000000e+00   0.000000e+00   0.000000e+00
   1.345468e+01   6.598749e+01   4.735330e-01   4.915103e+00   0.000000e+00  -2.449988e+01  -1.582234e+01  -2.093323e+01   0.000000e+00
   1.972483e+01   4.735330e-01   1.756866e+02  -8.881784e-15  -4.735330e-01   1.582234e+01   1.196120e+01  -2.664535e-15  -1.582234e+01
   8.881784e-16   4.915103e+00  -8.881784e-15   1.319750e+02   4.915103e+00  -2.093323e+01  -3.552714e-15  -4.899975e+01  -2.093323e+01
  -1.345468e+01   0.000000e+00  -4.735330e-01   4.915103e+00   6.598749e+01   0.000000e+00   1.582234e+01  -2.093323e+01  -2.449988e+01
   0.000000e+00  -2.449988e+01   1.582234e+01  -2.093323e+01   0.000000e+00   4.186647e+01  -3.164468e+00   3.566642e+00   0.000000e+00
   0.000000e+00  -1.582234e+01   1.196120e+01  -3.552714e-15   1.582234e+01  -3.164468e+00   9.338877e+01   3.552714e-15   3.164468e+00
   0.000000e+00  -2.093323e+01  -2.664535e-15  -4.899975e+01  -2.093323e+01   3.566642e+00   3.552714e-15   8.373294e+01   3.566642e+00
   0.000000e+00   0.000000e+00  -1.582234e+01  -2.093323e+01  -2.449988e+01   0.000000e+00   3.164468e+00   3.566642e+00   4.186647e+01


test LHS:

LHS matrix:

   8.229786e+01   1.345468e+01   1.972483e+01   8.881784e-08  -1.345468e+01   0.000000e+00   0.000000e+00   0.000000e+00   0.000000e+00
   1.345468e+01   6.598749e+01   4.735328e-01   4.915103e+00   0.000000e+00  -2.449988e+01  -1.582234e+01  -2.093324e+01   0.000000e+00
   1.972483e+01   4.735331e-01   1.756866e+02   1.554312e-07  -4.735329e-01   1.582234e+01   1.196120e+01   8.881784e-08  -1.582234e+01
   0.000000e+00   4.915103e+00  -3.552714e-07   1.319750e+02   4.915103e+00  -2.093323e+01  -4.440892e-07  -4.899975e+01  -2.093323e+01
  -1.345468e+01   0.000000e+00  -4.735330e-01   4.915103e+00   6.598749e+01   0.000000e+00   1.582234e+01  -2.093323e+01  -2.449988e+01
   0.000000e+00  -2.449988e+01   1.582234e+01  -2.093323e+01   0.000000e+00   4.186647e+01  -3.164468e+00   3.566642e+00   0.000000e+00
   0.000000e+00  -1.582234e+01   1.196120e+01   8.881784e-08   1.582234e+01  -3.164468e+00   9.338877e+01   7.771561e-08   3.164468e+00
   0.000000e+00  -2.093323e+01   2.664535e-07  -4.899975e+01  -2.093323e+01   3.566642e+00   6.217249e-07   8.373294e+01   3.566642e+00
   0.000000e+00   0.000000e+00  -1.582234e+01  -2.093323e+01  -2.449988e+01   0.000000e+00   3.164468e+00   3.566642e+00   4.186647e+01


reference LHS:

LHS matrix:

   8.229217e+01   1.345335e+01   1.972881e+01  -4.440892e-16  -1.345335e+01   0.000000e+00   0.000000e+00   0.000000e+00   0.000000e+00
   1.345335e+01   6.597839e+01   4.737971e-01   4.913966e+00   0.000000e+00  -2.449988e+01  -1.582234e+01  -2.093323e+01   0.000000e+00
   1.972881e+01   4.737971e-01   1.756809e+02  -3.552714e-15  -4.737971e-01   1.582234e+01   1.196120e+01  -6.217249e-15  -1.582234e+01
  -4.440892e-16   4.913966e+00  -3.552714e-15   1.319568e+02   4.913966e+00  -2.093323e+01  -3.108624e-15  -4.899975e+01  -2.093323e+01
  -1.345335e+01   0.000000e+00  -4.737971e-01   4.913966e+00   6.597839e+01   0.000000e+00   1.582234e+01  -2.093323e+01  -2.449988e+01
   0.000000e+00  -2.449988e+01   1.582234e+01  -2.093323e+01   0.000000e+00   4.186647e+01  -3.164468e+00   3.566642e+00   0.000000e+00
   0.000000e+00  -1.582234e+01   1.196120e+01  -3.108624e-15   1.582234e+01  -3.164468e+00   9.338877e+01   0.000000e+00   3.164468e+00
   0.000000e+00  -2.093323e+01  -6.217249e-15  -4.899975e+01  -2.093323e+01   3.566642e+00   0.000000e+00   8.373294e+01   3.566642e+00
   0.000000e+00   0.000000e+00  -1.582234e+01  -2.093323e+01  -2.449988e+01   0.000000e+00   3.164468e+00   3.566642e+00   4.186647e+01


test LHS:

LHS matrix:

   8.229217e+01   1.345335e+01   1.972881e+01   2.220446e-07  -1.345335e+01   0.000000e+00   0.000000e+00   0.000000e+00   0.000000e+00
   1.345335e+01   6.597839e+01   4.737972e-01   4.913966e+00   0.000000e+00  -2.449988e+01  -1.582234e+01  -2.093324e+01   0.000000e+00
   1.972881e+01   4.737972e-01   1.756809e+02   1.887379e-07  -4.737970e-01   1.582234e+01   1.196120e+01   5.551115e-08  -1.582234e+01
   5.329071e-07   4.913966e+00   1.776357e-07   1.319568e+02   4.913966e+00  -2.093324e+01  -3.552714e-07  -4.899975e+01  -2.093323e+01
  -1.345335e+01   0.000000e+00  -4.737970e-01   4.913966e+00   6.597839e+01   0.000000e+00   1.582234e+01  -2.093323e+01  -2.449988e+01
   0.000000e+00  -2.449988e+01   1.582234e+01  -2.093323e+01   0.000000e+00   4.186647e+01  -3.164468e+00   3.566642e+00   0.000000e+00
   0.000000e+00  -1.582234e+01   1.196120e+01   3.330669e-08   1.582234e+01  -3.164468e+00   9.338877e+01   3.330669e-08   3.164468e+00
   0.000000e+00  -2.093323e+01   8.881784e-08  -4.899975e+01  -2.093323e+01   3.566642e+00   5.773160e-07   8.373294e+01   3.566642e+00
   0.000000e+00   0.000000e+00  -1.582234e+01  -2.093323e+01  -2.449988e+01   0.000000e+00   3.164468e+00   3.566642e+00   4.186647e+01


 Converged at time = 1.000000e+00

 Time = 1.000000e+00
 Step 1 of 1

   Start time: Fri Oct 31 20:46:22 2003
 Construction: 3.000000e-02 sec.
     Solution: 1.800000e-01 sec.
    Stop time: Fri Oct 31 20:46:22 2003

 End Execution

