# Generated by Tahoe::DotLine_FormatterT $Revision: 1.2 $

begin: tahoe
geometry_format. . . . . . . . . . . . . . . . . . = TahoeII
geometry_format = TahoeII (default)
geometry_format = ExodusII
geometry_file. . . . . . . . . . . . . . . . . . . = ../geometry/quad8.2x2.geom
output_format. . . . . . . . . . . . . . . . . . . = Tahoe
output_format = Tahoe (default)
output_format = TecPlot
output_format = EnSight
output_format = ExodusII
restart_output_inc . . . . . . . . . . . . . . . . = 0
restart_output_inc >= 0 (default)
echo_input . . . . . . . . . . . . . . . . . . . . = false
echo_input(default) = false
compute_IC . . . . . . . . . . . . . . . . . . . . = true
compute_IC(default) = true

begin: tahoe::time
num_steps. . . . . . . . . . . . . . . . . . . . . = 10
num_steps >= 0
output_inc . . . . . . . . . . . . . . . . . . . . = 1
output_inc(default) = 0
max_step_cuts. . . . . . . . . . . . . . . . . . . = 0
max_step_cuts >= 0 (default)
time_step. . . . . . . . . . . . . . . . . . . . . = 1.000000e-01
time_step >= 0

begin: tahoe::time::schedule_function

begin: tahoe::time::schedule_function::piecewise_linear

begin: tahoe::time::schedule_function::piecewise_linear::OrderedPair
x. . . . . . . . . . . . . . . . . . . . . . . . . = 0.000000e+00
y. . . . . . . . . . . . . . . . . . . . . . . . . = 0.000000e+00
end: tahoe::time::schedule_function::piecewise_linear::OrderedPair

begin: tahoe::time::schedule_function::piecewise_linear::OrderedPair
x. . . . . . . . . . . . . . . . . . . . . . . . . = 1.000000e+00
y. . . . . . . . . . . . . . . . . . . . . . . . . = 1.000000e+00
end: tahoe::time::schedule_function::piecewise_linear::OrderedPair

end: tahoe::time::schedule_function::piecewise_linear

end: tahoe::time::schedule_function

end: tahoe::time

begin: tahoe::nodes

begin: tahoe::nodes::field
field_name . . . . . . . . . . . . . . . . . . . . = temperature
solution_group . . . . . . . . . . . . . . . . . . = 1
solution_group >= 1 (default)
integrator . . . . . . . . . . . . . . . . . . . . = linear_HHT
integrator = linear_static
integrator = static (default)
integrator = trapezoid
integrator = linear_HHT
integrator = nonlinear_HHT
integrator = central_difference
integrator = Verlet
integrator = Gear6

begin: tahoe::nodes::field::dof_labels

begin: tahoe::nodes::field::dof_labels::String
value. . . . . . . . . . . . . . . . . . . . . . . = T
end: tahoe::nodes::field::dof_labels::String

end: tahoe::nodes::field::dof_labels

end: tahoe::nodes::field

end: tahoe::nodes

begin: tahoe::element_list

begin: tahoe::element_list::hyperbolic_diffusion
field_name . . . . . . . . . . . . . . . . . . . . = temperature
tau. . . . . . . . . . . . . . . . . . . . . . . . = 1.000000e+00
tau >= 0.000000e+00

begin: tahoe::element_list::hyperbolic_diffusion::quadrilateral
num_ip . . . . . . . . . . . . . . . . . . . . . . = 9
num_ip = 1
num_ip = 4 (default)
num_ip = 5
num_ip = 9
num_ip = 16
end: tahoe::element_list::hyperbolic_diffusion::quadrilateral

begin: tahoe::element_list::hyperbolic_diffusion::natural_bc
side_set_ID. . . . . . . . . . . . . . . . . . . . = 1
schedule . . . . . . . . . . . . . . . . . . . . . = 1
coordinate_system. . . . . . . . . . . . . . . . . = global
coordinate_system = global (default)
coordinate_system = local

begin: tahoe::element_list::hyperbolic_diffusion::natural_bc::DoubleList

begin: tahoe::element_list::hyperbolic_diffusion::natural_bc::DoubleList::Double
value. . . . . . . . . . . . . . . . . . . . . . . = 1.000000e+00
end: tahoe::element_list::hyperbolic_diffusion::natural_bc::DoubleList::Double

end: tahoe::element_list::hyperbolic_diffusion::natural_bc::DoubleList

end: tahoe::element_list::hyperbolic_diffusion::natural_bc

begin: tahoe::element_list::hyperbolic_diffusion::diffusion_element_nodal_output
displacement . . . . . . . . . . . . . . . . . . . = 1
displacement(default) = 1
material_output. . . . . . . . . . . . . . . . . . = 1
material_output(default) = 1
end: tahoe::element_list::hyperbolic_diffusion::diffusion_element_nodal_output

begin: tahoe::element_list::hyperbolic_diffusion::diffusion_element_block

begin: tahoe::element_list::hyperbolic_diffusion::diffusion_element_block::block_ID_list

begin: tahoe::element_list::hyperbolic_diffusion::diffusion_element_block::block_ID_list::String
value. . . . . . . . . . . . . . . . . . . . . . . = 1
end: tahoe::element_list::hyperbolic_diffusion::diffusion_element_block::block_ID_list::String

end: tahoe::element_list::hyperbolic_diffusion::diffusion_element_block::block_ID_list

begin: tahoe::element_list::hyperbolic_diffusion::diffusion_element_block::diffusion_material

begin: tahoe::element_list::hyperbolic_diffusion::diffusion_element_block::diffusion_material::linear_diffusion_material
density. . . . . . . . . . . . . . . . . . . . . . = 1.000000e+00
specific_heat. . . . . . . . . . . . . . . . . . . = 1.000000e+00
conductivity . . . . . . . . . . . . . . . . . . . = 1.000000e+00
end: tahoe::element_list::hyperbolic_diffusion::diffusion_element_block::diffusion_material::linear_diffusion_material

end: tahoe::element_list::hyperbolic_diffusion::diffusion_element_block::diffusion_material

end: tahoe::element_list::hyperbolic_diffusion::diffusion_element_block

end: tahoe::element_list::hyperbolic_diffusion

end: tahoe::element_list

begin: tahoe::linear_solver
print_eqnos. . . . . . . . . . . . . . . . . . . . = false
print_eqnos(default) = false
check_code . . . . . . . . . . . . . . . . . . . . = print_LHS
check_code = no_check (default)
check_code = small_pivots
check_code = print_LHS
check_code = print_RHS
check_code = print_solution
check_code = check_LHS
check_LHS_perturbation . . . . . . . . . . . . . . = 1.000000e-08
check_LHS_perturbation >= 0.000000e+00
check_LHS_perturbation(default) = 1.000000e-08

begin: tahoe::linear_solver::profile_matrix
end: tahoe::linear_solver::profile_matrix

end: tahoe::linear_solver

end: tahoe


 E q u a t i o n    S y s t e m    D a t a :

 Local number of equations . . . . . . . . . . . = 21
 Total number of equations . . . . . . . . . . . = 21
 Number of terms in global matrix. . . . . . . . = 137
 Mean half bandwidth . . . . . . . . . . . . . . = 7
 Bandwidth . . . . . . . . . . . . . . . . . . . = 14
 Number of non-zero values (pre-factorization) . = 121
 Storage efficiency (% non-zero) . . . . . . . . = 8.832117e+01


LHS matrix:

   3.333333333333e-02  -3.333333333333e-02  -3.333333333333e-02   1.111111111111e-02  -4.444444444444e-02   0.000000000000e+00   0.000000000000e+00   0.000000000000e+00   1.111111111111e-02  -4.444444444444e-02   0.000000000000e+00   0.000000000000e+00   0.000000000000e+00   1.666666666667e-02   0.000000000000e+00   0.000000000000e+00   0.000000000000e+00   0.000000000000e+00   0.000000000000e+00   0.000000000000e+00   0.000000000000e+00
  -3.333333333333e-02   1.777777777778e-01   1.111111111111e-01  -4.444444444444e-02   8.888888888889e-02   0.000000000000e+00   0.000000000000e+00   0.000000000000e+00  -3.333333333333e-02   1.111111111111e-01   0.000000000000e+00   0.000000000000e+00   0.000000000000e+00  -4.444444444444e-02   0.000000000000e+00   0.000000000000e+00   0.000000000000e+00   0.000000000000e+00   0.000000000000e+00   0.000000000000e+00   0.000000000000e+00
  -3.333333333333e-02   1.111111111111e-01   1.777777777778e-01  -3.333333333333e-02   1.111111111111e-01   0.000000000000e+00   0.000000000000e+00   0.000000000000e+00  -4.444444444444e-02   8.888888888889e-02   0.000000000000e+00   0.000000000000e+00   0.000000000000e+00  -4.444444444444e-02   0.000000000000e+00   0.000000000000e+00   0.000000000000e+00   0.000000000000e+00   0.000000000000e+00   0.000000000000e+00   0.000000000000e+00
   1.111111111111e-02  -4.444444444444e-02  -3.333333333333e-02   6.666666666667e-02  -6.666666666667e-02   1.111111111111e-02  -4.444444444444e-02  -3.333333333333e-02   1.666666666667e-02  -4.444444444444e-02   0.000000000000e+00   0.000000000000e+00   0.000000000000e+00   2.222222222222e-02   0.000000000000e+00   1.666666666667e-02  -4.444444444444e-02   0.000000000000e+00   0.000000000000e+00   0.000000000000e+00   0.000000000000e+00
  -4.444444444444e-02   8.888888888889e-02   1.111111111111e-01  -6.666666666667e-02   3.555555555556e-01  -4.444444444444e-02   8.888888888889e-02   1.111111111111e-01  -4.444444444444e-02   1.111111111111e-01   0.000000000000e+00   0.000000000000e+00   0.000000000000e+00  -6.666666666667e-02   0.000000000000e+00  -4.444444444444e-02   1.111111111111e-01   0.000000000000e+00   0.000000000000e+00   0.000000000000e+00   0.000000000000e+00
   0.000000000000e+00   0.000000000000e+00   0.000000000000e+00   1.111111111111e-02  -4.444444444444e-02   3.333333333333e-02  -3.333333333333e-02  -3.333333333333e-02   0.000000000000e+00   0.000000000000e+00   0.000000000000e+00   0.000000000000e+00   0.000000000000e+00   1.666666666667e-02   0.000000000000e+00   1.111111111111e-02  -4.444444444444e-02   0.000000000000e+00   0.000000000000e+00   0.000000000000e+00   0.000000000000e+00
   0.000000000000e+00   0.000000000000e+00   0.000000000000e+00  -4.444444444444e-02   8.888888888889e-02  -3.333333333333e-02   1.777777777778e-01   1.111111111111e-01   0.000000000000e+00   0.000000000000e+00   0.000000000000e+00   0.000000000000e+00   0.000000000000e+00  -4.444444444444e-02   0.000000000000e+00  -3.333333333333e-02   1.111111111111e-01   0.000000000000e+00   0.000000000000e+00   0.000000000000e+00   0.000000000000e+00
   0.000000000000e+00   0.000000000000e+00   0.000000000000e+00  -3.333333333333e-02   1.111111111111e-01  -3.333333333333e-02   1.111111111111e-01   1.777777777778e-01   0.000000000000e+00   0.000000000000e+00   0.000000000000e+00   0.000000000000e+00   0.000000000000e+00  -4.444444444444e-02   0.000000000000e+00  -4.444444444444e-02   8.888888888889e-02   0.000000000000e+00   0.000000000000e+00   0.000000000000e+00   0.000000000000e+00
   1.111111111111e-02  -3.333333333333e-02  -4.444444444444e-02   1.666666666667e-02  -4.444444444444e-02   0.000000000000e+00   0.000000000000e+00   0.000000000000e+00   6.666666666667e-02  -6.666666666667e-02   1.111111111111e-02  -3.333333333333e-02  -4.444444444444e-02   2.222222222222e-02   1.666666666667e-02   0.000000000000e+00   0.000000000000e+00   0.000000000000e+00   0.000000000000e+00  -4.444444444444e-02   0.000000000000e+00
  -4.444444444444e-02   1.111111111111e-01   8.888888888889e-02  -4.444444444444e-02   1.111111111111e-01   0.000000000000e+00   0.000000000000e+00   0.000000000000e+00  -6.666666666667e-02   3.555555555556e-01  -4.444444444444e-02   1.111111111111e-01   8.888888888889e-02  -6.666666666667e-02  -4.444444444444e-02   0.000000000000e+00   0.000000000000e+00   0.000000000000e+00   0.000000000000e+00   1.111111111111e-01   0.000000000000e+00
   0.000000000000e+00   0.000000000000e+00   0.000000000000e+00   0.000000000000e+00   0.000000000000e+00   0.000000000000e+00   0.000000000000e+00   0.000000000000e+00   1.111111111111e-02  -4.444444444444e-02   3.333333333333e-02  -3.333333333333e-02  -3.333333333333e-02   1.666666666667e-02   1.111111111111e-02   0.000000000000e+00   0.000000000000e+00   0.000000000000e+00   0.000000000000e+00  -4.444444444444e-02   0.000000000000e+00
   0.000000000000e+00   0.000000000000e+00   0.000000000000e+00   0.000000000000e+00   0.000000000000e+00   0.000000000000e+00   0.000000000000e+00   0.000000000000e+00  -3.333333333333e-02   1.111111111111e-01  -3.333333333333e-02   1.777777777778e-01   1.111111111111e-01  -4.444444444444e-02  -4.444444444444e-02   0.000000000000e+00   0.000000000000e+00   0.000000000000e+00   0.000000000000e+00   8.888888888889e-02   0.000000000000e+00
   0.000000000000e+00   0.000000000000e+00   0.000000000000e+00   0.000000000000e+00   0.000000000000e+00   0.000000000000e+00   0.000000000000e+00   0.000000000000e+00  -4.444444444444e-02   8.888888888889e-02  -3.333333333333e-02   1.111111111111e-01   1.777777777778e-01  -4.444444444444e-02  -3.333333333333e-02   0.000000000000e+00   0.000000000000e+00   0.000000000000e+00   0.000000000000e+00   1.111111111111e-01   0.000000000000e+00
   1.666666666667e-02  -4.444444444444e-02  -4.444444444444e-02   2.222222222222e-02  -6.666666666667e-02   1.666666666667e-02  -4.444444444444e-02  -4.444444444444e-02   2.222222222222e-02  -6.666666666667e-02   1.666666666667e-02  -4.444444444444e-02  -4.444444444444e-02   1.333333333333e-01   2.222222222222e-02   2.222222222222e-02  -6.666666666667e-02  -4.444444444444e-02  -4.444444444444e-02  -6.666666666667e-02   1.666666666667e-02
   0.000000000000e+00   0.000000000000e+00   0.000000000000e+00   0.000000000000e+00   0.000000000000e+00   0.000000000000e+00   0.000000000000e+00   0.000000000000e+00   1.666666666667e-02  -4.444444444444e-02   1.111111111111e-02  -4.444444444444e-02  -3.333333333333e-02   2.222222222222e-02   6.666666666667e-02   1.666666666667e-02  -4.444444444444e-02  -3.333333333333e-02  -4.444444444444e-02  -6.666666666667e-02   1.111111111111e-02
   0.000000000000e+00   0.000000000000e+00   0.000000000000e+00   1.666666666667e-02  -4.444444444444e-02   1.111111111111e-02  -3.333333333333e-02  -4.444444444444e-02   0.000000000000e+00   0.000000000000e+00   0.000000000000e+00   0.000000000000e+00   0.000000000000e+00   2.222222222222e-02   1.666666666667e-02   6.666666666667e-02  -6.666666666667e-02  -4.444444444444e-02  -3.333333333333e-02  -4.444444444444e-02   1.111111111111e-02
   0.000000000000e+00   0.000000000000e+00   0.000000000000e+00  -4.444444444444e-02   1.111111111111e-01  -4.444444444444e-02   1.111111111111e-01   8.888888888889e-02   0.000000000000e+00   0.000000000000e+00   0.000000000000e+00   0.000000000000e+00   0.000000000000e+00  -6.666666666667e-02  -4.444444444444e-02  -6.666666666667e-02   3.555555555556e-01   8.888888888889e-02   1.111111111111e-01   1.111111111111e-01  -4.444444444444e-02
   0.000000000000e+00   0.000000000000e+00   0.000000000000e+00   0.000000000000e+00   0.000000000000e+00   0.000000000000e+00   0.000000000000e+00   0.000000000000e+00   0.000000000000e+00   0.000000000000e+00   0.000000000000e+00   0.000000000000e+00   0.000000000000e+00  -4.444444444444e-02  -3.333333333333e-02  -4.444444444444e-02   8.888888888889e-02   1.777777777778e-01   1.111111111111e-01   1.111111111111e-01  -3.333333333333e-02
   0.000000000000e+00   0.000000000000e+00   0.000000000000e+00   0.000000000000e+00   0.000000000000e+00   0.000000000000e+00   0.000000000000e+00   0.000000000000e+00   0.000000000000e+00   0.000000000000e+00   0.000000000000e+00   0.000000000000e+00   0.000000000000e+00  -4.444444444444e-02  -4.444444444444e-02  -3.333333333333e-02   1.111111111111e-01   1.111111111111e-01   1.777777777778e-01   8.888888888889e-02  -3.333333333333e-02
   0.000000000000e+00   0.000000000000e+00   0.000000000000e+00   0.000000000000e+00   0.000000000000e+00   0.000000000000e+00   0.000000000000e+00   0.000000000000e+00  -4.444444444444e-02   1.111111111111e-01  -4.444444444444e-02   8.888888888889e-02   1.111111111111e-01  -6.666666666667e-02  -6.666666666667e-02  -4.444444444444e-02   1.111111111111e-01   1.111111111111e-01   8.888888888889e-02   3.555555555556e-01  -4.444444444444e-02
   0.000000000000e+00   0.000000000000e+00   0.000000000000e+00   0.000000000000e+00   0.000000000000e+00   0.000000000000e+00   0.000000000000e+00   0.000000000000e+00   0.000000000000e+00   0.000000000000e+00   0.000000000000e+00   0.000000000000e+00   0.000000000000e+00   1.666666666667e-02   1.111111111111e-02   1.111111111111e-02  -4.444444444444e-02  -3.333333333333e-02  -3.333333333333e-02  -4.444444444444e-02   3.333333333333e-02



LHS matrix:

   3.788888888889e-02  -3.705555555556e-02  -3.705555555556e-02   1.291666666667e-02  -4.794444444444e-02   0.000000000000e+00   0.000000000000e+00   0.000000000000e+00   1.291666666667e-02  -4.794444444444e-02   0.000000000000e+00   0.000000000000e+00   0.000000000000e+00   1.877777777778e-02   0.000000000000e+00   0.000000000000e+00   0.000000000000e+00   0.000000000000e+00   0.000000000000e+00   0.000000000000e+00   0.000000000000e+00
  -3.705555555556e-02   1.924444444444e-01   1.166666666667e-01  -4.794444444444e-02   9.422222222222e-02   0.000000000000e+00   0.000000000000e+00   0.000000000000e+00  -3.705555555556e-02   1.166666666667e-01   0.000000000000e+00   0.000000000000e+00   0.000000000000e+00  -4.794444444444e-02   0.000000000000e+00   0.000000000000e+00   0.000000000000e+00   0.000000000000e+00   0.000000000000e+00   0.000000000000e+00   0.000000000000e+00
  -3.705555555556e-02   1.166666666667e-01   1.924444444444e-01  -3.705555555556e-02   1.166666666667e-01   0.000000000000e+00   0.000000000000e+00   0.000000000000e+00  -4.794444444444e-02   9.422222222222e-02   0.000000000000e+00   0.000000000000e+00   0.000000000000e+00  -4.794444444444e-02   0.000000000000e+00   0.000000000000e+00   0.000000000000e+00   0.000000000000e+00   0.000000000000e+00   0.000000000000e+00   0.000000000000e+00
   1.291666666667e-02  -4.794444444444e-02  -3.705555555556e-02   7.577777777778e-02  -7.411111111111e-02   1.291666666667e-02  -4.794444444444e-02  -3.705555555556e-02   1.877777777778e-02  -4.794444444444e-02   0.000000000000e+00   0.000000000000e+00   0.000000000000e+00   2.583333333333e-02   0.000000000000e+00   1.877777777778e-02  -4.794444444444e-02   0.000000000000e+00   0.000000000000e+00   0.000000000000e+00   0.000000000000e+00
  -4.794444444444e-02   9.422222222222e-02   1.166666666667e-01  -7.411111111111e-02   3.848888888889e-01  -4.794444444444e-02   9.422222222222e-02   1.166666666667e-01  -4.794444444444e-02   1.166666666667e-01   0.000000000000e+00   0.000000000000e+00   0.000000000000e+00  -7.411111111111e-02   0.000000000000e+00  -4.794444444444e-02   1.166666666667e-01   0.000000000000e+00   0.000000000000e+00   0.000000000000e+00   0.000000000000e+00
   0.000000000000e+00   0.000000000000e+00   0.000000000000e+00   1.291666666667e-02  -4.794444444444e-02   3.788888888889e-02  -3.705555555556e-02  -3.705555555556e-02   0.000000000000e+00   0.000000000000e+00   0.000000000000e+00   0.000000000000e+00   0.000000000000e+00   1.877777777778e-02   0.000000000000e+00   1.291666666667e-02  -4.794444444444e-02   0.000000000000e+00   0.000000000000e+00   0.000000000000e+00   0.000000000000e+00
   0.000000000000e+00   0.000000000000e+00   0.000000000000e+00  -4.794444444444e-02   9.422222222222e-02  -3.705555555556e-02   1.924444444444e-01   1.166666666667e-01   0.000000000000e+00   0.000000000000e+00   0.000000000000e+00   0.000000000000e+00   0.000000000000e+00  -4.794444444444e-02   0.000000000000e+00  -3.705555555556e-02   1.166666666667e-01   0.000000000000e+00   0.000000000000e+00   0.000000000000e+00   0.000000000000e+00
   0.000000000000e+00   0.000000000000e+00   0.000000000000e+00  -3.705555555556e-02   1.166666666667e-01  -3.705555555556e-02   1.166666666667e-01   1.924444444444e-01   0.000000000000e+00   0.000000000000e+00   0.000000000000e+00   0.000000000000e+00   0.000000000000e+00  -4.794444444444e-02   0.000000000000e+00  -4.794444444444e-02   9.422222222222e-02   0.000000000000e+00   0.000000000000e+00   0.000000000000e+00   0.000000000000e+00
   1.291666666667e-02  -3.705555555556e-02  -4.794444444444e-02   1.877777777778e-02  -4.794444444444e-02   0.000000000000e+00   0.000000000000e+00   0.000000000000e+00   7.577777777778e-02  -7.411111111111e-02   1.291666666667e-02  -3.705555555556e-02  -4.794444444444e-02   2.583333333333e-02   1.877777777778e-02   0.000000000000e+00   0.000000000000e+00   0.000000000000e+00   0.000000000000e+00  -4.794444444444e-02   0.000000000000e+00
  -4.794444444444e-02   1.166666666667e-01   9.422222222222e-02  -4.794444444444e-02   1.166666666667e-01   0.000000000000e+00   0.000000000000e+00   0.000000000000e+00  -7.411111111111e-02   3.848888888889e-01  -4.794444444444e-02   1.166666666667e-01   9.422222222222e-02  -7.411111111111e-02  -4.794444444444e-02   0.000000000000e+00   0.000000000000e+00   0.000000000000e+00   0.000000000000e+00   1.166666666667e-01   0.000000000000e+00
   0.000000000000e+00   0.000000000000e+00   0.000000000000e+00   0.000000000000e+00   0.000000000000e+00   0.000000000000e+00   0.000000000000e+00   0.000000000000e+00   1.291666666667e-02  -4.794444444444e-02   3.788888888889e-02  -3.705555555556e-02  -3.705555555556e-02   1.877777777778e-02   1.291666666667e-02   0.000000000000e+00   0.000000000000e+00   0.000000000000e+00   0.000000000000e+00  -4.794444444444e-02   0.000000000000e+00
   0.000000000000e+00   0.000000000000e+00   0.000000000000e+00   0.000000000000e+00   0.000000000000e+00   0.000000000000e+00   0.000000000000e+00   0.000000000000e+00  -3.705555555556e-02   1.166666666667e-01  -3.705555555556e-02   1.924444444444e-01   1.166666666667e-01  -4.794444444444e-02  -4.794444444444e-02   0.000000000000e+00   0.000000000000e+00   0.000000000000e+00   0.000000000000e+00   9.422222222222e-02   0.000000000000e+00
   0.000000000000e+00   0.000000000000e+00   0.000000000000e+00   0.000000000000e+00   0.000000000000e+00   0.000000000000e+00   0.000000000000e+00   0.000000000000e+00  -4.794444444444e-02   9.422222222222e-02  -3.705555555556e-02   1.166666666667e-01   1.924444444444e-01  -4.794444444444e-02  -3.705555555556e-02   0.000000000000e+00   0.000000000000e+00   0.000000000000e+00   0.000000000000e+00   1.166666666667e-01   0.000000000000e+00
   1.877777777778e-02  -4.794444444444e-02  -4.794444444444e-02   2.583333333333e-02  -7.411111111111e-02   1.877777777778e-02  -4.794444444444e-02  -4.794444444444e-02   2.583333333333e-02  -7.411111111111e-02   1.877777777778e-02  -4.794444444444e-02  -4.794444444444e-02   1.515555555556e-01   2.583333333333e-02   2.583333333333e-02  -7.411111111111e-02  -4.794444444444e-02  -4.794444444444e-02  -7.411111111111e-02   1.877777777778e-02
   0.000000000000e+00   0.000000000000e+00   0.000000000000e+00   0.000000000000e+00   0.000000000000e+00   0.000000000000e+00   0.000000000000e+00   0.000000000000e+00   1.877777777778e-02  -4.794444444444e-02   1.291666666667e-02  -4.794444444444e-02  -3.705555555556e-02   2.583333333333e-02   7.577777777778e-02   1.877777777778e-02  -4.794444444444e-02  -3.705555555556e-02  -4.794444444444e-02  -7.411111111111e-02   1.291666666667e-02
   0.000000000000e+00   0.000000000000e+00   0.000000000000e+00   1.877777777778e-02  -4.794444444444e-02   1.291666666667e-02  -3.705555555556e-02  -4.794444444444e-02   0.000000000000e+00   0.000000000000e+00   0.000000000000e+00   0.000000000000e+00   0.000000000000e+00   2.583333333333e-02   1.877777777778e-02   7.577777777778e-02  -7.411111111111e-02  -4.794444444444e-02  -3.705555555556e-02  -4.794444444444e-02   1.291666666667e-02
   0.000000000000e+00   0.000000000000e+00   0.000000000000e+00  -4.794444444444e-02   1.166666666667e-01  -4.794444444444e-02   1.166666666667e-01   9.422222222222e-02   0.000000000000e+00   0.000000000000e+00   0.000000000000e+00   0.000000000000e+00   0.000000000000e+00  -7.411111111111e-02  -4.794444444444e-02  -7.411111111111e-02   3.848888888889e-01   9.422222222222e-02   1.166666666667e-01   1.166666666667e-01  -4.794444444444e-02
   0.000000000000e+00   0.000000000000e+00   0.000000000000e+00   0.000000000000e+00   0.000000000000e+00   0.000000000000e+00   0.000000000000e+00   0.000000000000e+00   0.000000000000e+00   0.000000000000e+00   0.000000000000e+00   0.000000000000e+00   0.000000000000e+00  -4.794444444444e-02  -3.705555555556e-02  -4.794444444444e-02   9.422222222222e-02   1.924444444444e-01   1.166666666667e-01   1.166666666667e-01  -3.705555555556e-02
   0.000000000000e+00   0.000000000000e+00   0.000000000000e+00   0.000000000000e+00   0.000000000000e+00   0.000000000000e+00   0.000000000000e+00   0.000000000000e+00   0.000000000000e+00   0.000000000000e+00   0.000000000000e+00   0.000000000000e+00   0.000000000000e+00  -4.794444444444e-02  -4.794444444444e-02  -3.705555555556e-02   1.166666666667e-01   1.166666666667e-01   1.924444444444e-01   9.422222222222e-02  -3.705555555556e-02
   0.000000000000e+00   0.000000000000e+00   0.000000000000e+00   0.000000000000e+00   0.000000000000e+00   0.000000000000e+00   0.000000000000e+00   0.000000000000e+00  -4.794444444444e-02   1.166666666667e-01  -4.794444444444e-02   9.422222222222e-02   1.166666666667e-01  -7.411111111111e-02  -7.411111111111e-02  -4.794444444444e-02   1.166666666667e-01   1.166666666667e-01   9.422222222222e-02   3.848888888889e-01  -4.794444444444e-02
   0.000000000000e+00   0.000000000000e+00   0.000000000000e+00   0.000000000000e+00   0.000000000000e+00   0.000000000000e+00   0.000000000000e+00   0.000000000000e+00   0.000000000000e+00   0.000000000000e+00   0.000000000000e+00   0.000000000000e+00   0.000000000000e+00   1.877777777778e-02   1.291666666667e-02   1.291666666667e-02  -4.794444444444e-02  -3.705555555556e-02  -3.705555555556e-02  -4.794444444444e-02   3.788888888889e-02



 Time = 1.000000e-01
 Step 1 of 10

LHS matrix:

   3.788888888889e-02  -9.780058651026e-01  -9.780058651026e-01   3.409090909091e-01  -1.265395894428e+00   0.000000000000e+00   0.000000000000e+00   0.000000000000e+00   3.409090909091e-01  -1.265395894428e+00   0.000000000000e+00   0.000000000000e+00   0.000000000000e+00   4.956011730205e-01   0.000000000000e+00   0.000000000000e+00   0.000000000000e+00   0.000000000000e+00   0.000000000000e+00   0.000000000000e+00   0.000000000000e+00
  -9.780058651026e-01   1.562038937765e-01   5.148790728212e-01  -2.260626661292e-01   3.030159697824e-01   0.000000000000e+00   0.000000000000e+00   0.000000000000e+00  -1.563532073850e-01   4.467028133163e-01   0.000000000000e+00   0.000000000000e+00   0.000000000000e+00  -1.893657509365e-01   0.000000000000e+00   0.000000000000e+00   0.000000000000e+00   0.000000000000e+00   0.000000000000e+00   0.000000000000e+00   0.000000000000e+00
  -9.780058651026e-01   5.148790728212e-01   1.147941697405e-01  -5.437242677927e-02   3.955455348333e-01   0.000000000000e+00   0.000000000000e+00   0.000000000000e+00  -1.980674414420e-01   9.935785154886e-02   0.000000000000e+00   0.000000000000e+00   0.000000000000e+00  -1.250038728067e-01   0.000000000000e+00   0.000000000000e+00   0.000000000000e+00   0.000000000000e+00   0.000000000000e+00   0.000000000000e+00   0.000000000000e+00
   3.409090909091e-01  -2.260626661292e-01  -5.437242677927e-02   6.305230052273e-02  -7.073096740066e-01   2.048563900061e-01  -7.603916755926e-01  -5.876955360606e-01   1.208041500172e-01  -2.411598079979e-01   0.000000000000e+00   0.000000000000e+00   0.000000000000e+00   1.897588300585e-01   0.000000000000e+00   2.978127304175e-01  -7.603916755926e-01   0.000000000000e+00   0.000000000000e+00   0.000000000000e+00   0.000000000000e+00
  -1.265395894428e+00   3.030159697824e-01   3.955455348333e-01  -7.073096740066e-01   2.603732383905e-01  -1.490489629237e-01   2.316315348866e-01   3.474124848840e-01  -3.770785896086e-02   7.523009635444e-02   0.000000000000e+00   0.000000000000e+00   0.000000000000e+00  -1.046495440950e-01   0.000000000000e+00  -1.331271246620e-01   3.178325768339e-01   0.000000000000e+00   0.000000000000e+00   0.000000000000e+00   0.000000000000e+00
   0.000000000000e+00   0.000000000000e+00   0.000000000000e+00   2.048563900061e-01  -1.490489629237e-01   2.945848120169e-02  -6.193323192764e-01  -5.425255607086e-01  -1.026450456139e-01   2.048489044989e-01   0.000000000000e+00   0.000000000000e+00   0.000000000000e+00   4.163639271459e-01   0.000000000000e+00   1.325076244974e-01  -8.754068829784e-01   0.000000000000e+00   0.000000000000e+00   0.000000000000e+00   0.000000000000e+00
   0.000000000000e+00   0.000000000000e+00   0.000000000000e+00  -7.603916755926e-01   2.316315348866e-01  -6.193323192764e-01   1.307185749879e-01   4.409404002501e-01   4.737931645451e-02  -9.457007218856e-02   0.000000000000e+00   0.000000000000e+00   0.000000000000e+00  -1.907815435489e-01   0.000000000000e+00  -9.432904723072e-02   3.447863534747e-01   0.000000000000e+00   0.000000000000e+00   0.000000000000e+00   0.000000000000e+00
   0.000000000000e+00   0.000000000000e+00   0.000000000000e+00  -5.876955360606e-01   3.474124848840e-01  -5.425255607086e-01   4.409404002501e-01   1.051551583773e-01   3.343658389818e-02  -6.672585815892e-02   0.000000000000e+00   0.000000000000e+00   0.000000000000e+00  -1.311942736457e-01   0.000000000000e+00  -1.646308575438e-01   3.263199338994e-02   0.000000000000e+00   0.000000000000e+00   0.000000000000e+00   0.000000000000e+00
   3.409090909091e-01  -1.563532073850e-01  -1.980674414420e-01   1.208041500172e-01  -3.770785896086e-02  -1.026450456139e-01   4.737931645451e-02   3.343658389818e-02   6.104054186259e-02  -6.648408089649e-01   2.116079948265e-01  -6.070646561259e-01  -7.854524711195e-01   2.030409362796e-01   3.076279666725e-01  -3.295774576612e-02   6.578019745557e-02   0.000000000000e+00   0.000000000000e+00  -7.854524711195e-01   0.000000000000e+00
  -1.265395894428e+00   4.467028133163e-01   9.935785154886e-02  -2.411598079979e-01   7.523009635444e-02   2.048489044989e-01  -9.457007218856e-02  -6.672585815892e-02  -6.648408089649e-01   2.569227163995e-01  -1.531858213247e-01   3.582035190355e-01   2.426675222266e-01  -1.102554420643e-01  -1.380189808555e-01   1.042243239133e-02  -2.080208151675e-02   0.000000000000e+00   0.000000000000e+00   3.300262609126e-01   0.000000000000e+00
   0.000000000000e+00   0.000000000000e+00   0.000000000000e+00   0.000000000000e+00   0.000000000000e+00   0.000000000000e+00   0.000000000000e+00   0.000000000000e+00   2.116079948265e-01  -1.531858213247e-01   2.912669724991e-02  -5.189918146932e-01  -5.959989917163e-01   4.056708271598e-01   1.205470402075e-01   2.869872333833e-02  -5.727963840200e-02   0.000000000000e+00   0.000000000000e+00  -8.518027365955e-01   0.000000000000e+00
   0.000000000000e+00   0.000000000000e+00   0.000000000000e+00   0.000000000000e+00   0.000000000000e+00   0.000000000000e+00   0.000000000000e+00   0.000000000000e+00  -6.070646561259e-01   3.582035190355e-01  -5.189918146932e-01   1.291382851749e-01   4.353396589213e-01  -1.869425690319e-01  -1.705218187651e-01  -1.352523576637e-02   2.699495029936e-02   0.000000000000e+00   0.000000000000e+00   1.693380997634e-01   0.000000000000e+00
   0.000000000000e+00   0.000000000000e+00   0.000000000000e+00   0.000000000000e+00   0.000000000000e+00   0.000000000000e+00   0.000000000000e+00   0.000000000000e+00  -7.854524711195e-01   2.426675222266e-01  -5.959989917163e-01   4.353396589213e-01   1.048362172700e-01  -1.314786345692e-01  -1.928969553045e-02  -9.265649762862e-03   1.849326344129e-02   0.000000000000e+00   0.000000000000e+00   3.255137230984e-01   0.000000000000e+00
   4.956011730205e-01  -1.893657509365e-01  -1.250038728067e-01   1.897588300585e-01  -1.046495440950e-01   4.163639271459e-01  -1.907815435489e-01  -1.311942736457e-01   2.030409362796e-01  -1.102554420643e-01   4.056708271598e-01  -1.869425690319e-01  -1.314786345692e-01   1.012992375548e-01   1.214629280627e-01   1.214629280627e-01  -3.592139447555e-01  -4.732952152628e-01  -4.732952152628e-01  -3.592139447555e-01   1.853693890601e-01
   0.000000000000e+00   0.000000000000e+00   0.000000000000e+00   0.000000000000e+00   0.000000000000e+00   0.000000000000e+00   0.000000000000e+00   0.000000000000e+00   3.076279666725e-01  -1.380189808555e-01   1.205470402075e-01  -1.705218187651e-01  -1.928969553045e-02   1.214629280627e-01   5.939522461996e-02   3.006032896338e-01  -7.519884645649e-01  -5.258349160026e-01  -7.091642822700e-01  -6.037759367312e-01   1.790693252415e-01
   0.000000000000e+00   0.000000000000e+00   0.000000000000e+00   2.978127304175e-01  -1.331271246620e-01   1.325076244974e-01  -9.432904723072e-02  -1.646308575438e-01  -3.295774576612e-02   1.042243239133e-02   2.869872333833e-02  -1.352523576637e-02  -9.265649762862e-03   1.214629280627e-01   3.006032896338e-01   5.402813327279e-02  -4.152485612538e-01  -6.058418638310e-01  -3.437168587371e-01  -6.271633810363e-01   1.376817409804e-01
   0.000000000000e+00   0.000000000000e+00   0.000000000000e+00  -7.603916755926e-01   3.178325768339e-01  -8.754068829784e-01   3.447863534747e-01   3.263199338994e-02   6.578019745557e-02  -2.080208151675e-02  -5.727963840200e-02   2.699495029936e-02   1.849326344129e-02  -3.592139447555e-01  -7.519884645649e-01  -4.152485612538e-01   2.273281578538e-01   1.756122861670e-01   2.641931628522e-01   2.851947751706e-01  -1.324616127852e-01
   0.000000000000e+00   0.000000000000e+00   0.000000000000e+00   0.000000000000e+00   0.000000000000e+00   0.000000000000e+00   0.000000000000e+00   0.000000000000e+00   0.000000000000e+00   0.000000000000e+00   0.000000000000e+00   0.000000000000e+00   0.000000000000e+00  -4.732952152628e-01  -5.258349160026e-01  -6.058418638310e-01   1.756122861670e-01   1.264882002442e-01   3.955181633347e-01   3.848035485076e-01  -1.010423503981e-01
   0.000000000000e+00   0.000000000000e+00   0.000000000000e+00   0.000000000000e+00   0.000000000000e+00   0.000000000000e+00   0.000000000000e+00   0.000000000000e+00   0.000000000000e+00   0.000000000000e+00   0.000000000000e+00   0.000000000000e+00   0.000000000000e+00  -4.732952152628e-01  -7.091642822700e-01  -3.437168587371e-01   2.641931628522e-01   3.955181633347e-01   9.784473656836e-02   3.620159847711e-02  -5.169731316424e-02
   0.000000000000e+00   0.000000000000e+00   0.000000000000e+00   0.000000000000e+00   0.000000000000e+00   0.000000000000e+00   0.000000000000e+00   0.000000000000e+00  -7.854524711195e-01   3.300262609126e-01  -8.518027365955e-01   1.693380997634e-01   3.255137230984e-01  -3.592139447555e-01  -6.037759367312e-01  -6.271633810363e-01   2.851947751706e-01   3.848035485076e-01   3.620159847711e-02   1.899803654454e-01  -8.644699983645e-02
   0.000000000000e+00   0.000000000000e+00   0.000000000000e+00   0.000000000000e+00   0.000000000000e+00   0.000000000000e+00   0.000000000000e+00   0.000000000000e+00   0.000000000000e+00   0.000000000000e+00   0.000000000000e+00   0.000000000000e+00   0.000000000000e+00   1.853693890601e-01   1.790693252415e-01   1.376817409804e-01  -1.324616127852e-01  -1.010423503981e-01  -5.169731316424e-02  -8.644699983645e-02   2.451798903665e-02



 Time = 2.000000e-01
 Step 2 of 10

LHS matrix:

   3.788888888889e-02  -9.780058651026e-01  -9.780058651026e-01   3.409090909091e-01  -1.265395894428e+00   0.000000000000e+00   0.000000000000e+00   0.000000000000e+00   3.409090909091e-01  -1.265395894428e+00   0.000000000000e+00   0.000000000000e+00   0.000000000000e+00   4.956011730205e-01   0.000000000000e+00   0.000000000000e+00   0.000000000000e+00   0.000000000000e+00   0.000000000000e+00   0.000000000000e+00   0.000000000000e+00
  -9.780058651026e-01   1.562038937765e-01   5.148790728212e-01  -2.260626661292e-01   3.030159697824e-01   0.000000000000e+00   0.000000000000e+00   0.000000000000e+00  -1.563532073850e-01   4.467028133163e-01   0.000000000000e+00   0.000000000000e+00   0.000000000000e+00  -1.893657509365e-01   0.000000000000e+00   0.000000000000e+00   0.000000000000e+00   0.000000000000e+00   0.000000000000e+00   0.000000000000e+00   0.000000000000e+00
  -9.780058651026e-01   5.148790728212e-01   1.147941697405e-01  -5.437242677927e-02   3.955455348333e-01   0.000000000000e+00   0.000000000000e+00   0.000000000000e+00  -1.980674414420e-01   9.935785154886e-02   0.000000000000e+00   0.000000000000e+00   0.000000000000e+00  -1.250038728067e-01   0.000000000000e+00   0.000000000000e+00   0.000000000000e+00   0.000000000000e+00   0.000000000000e+00   0.000000000000e+00   0.000000000000e+00
   3.409090909091e-01  -2.260626661292e-01  -5.437242677927e-02   6.305230052273e-02  -7.073096740066e-01   2.048563900061e-01  -7.603916755926e-01  -5.876955360606e-01   1.208041500172e-01  -2.411598079979e-01   0.000000000000e+00   0.000000000000e+00   0.000000000000e+00   1.897588300585e-01   0.000000000000e+00   2.978127304175e-01  -7.603916755926e-01   0.000000000000e+00   0.000000000000e+00   0.000000000000e+00   0.000000000000e+00
  -1.265395894428e+00   3.030159697824e-01   3.955455348333e-01  -7.073096740066e-01   2.603732383905e-01  -1.490489629237e-01   2.316315348866e-01   3.474124848840e-01  -3.770785896086e-02   7.523009635444e-02   0.000000000000e+00   0.000000000000e+00   0.000000000000e+00  -1.046495440950e-01   0.000000000000e+00  -1.331271246620e-01   3.178325768339e-01   0.000000000000e+00   0.000000000000e+00   0.000000000000e+00   0.000000000000e+00
   0.000000000000e+00   0.000000000000e+00   0.000000000000e+00   2.048563900061e-01  -1.490489629237e-01   2.945848120169e-02  -6.193323192764e-01  -5.425255607086e-01  -1.026450456139e-01   2.048489044989e-01   0.000000000000e+00   0.000000000000e+00   0.000000000000e+00   4.163639271459e-01   0.000000000000e+00   1.325076244974e-01  -8.754068829784e-01   0.000000000000e+00   0.000000000000e+00   0.000000000000e+00   0.000000000000e+00
   0.000000000000e+00   0.000000000000e+00   0.000000000000e+00  -7.603916755926e-01   2.316315348866e-01  -6.193323192764e-01   1.307185749879e-01   4.409404002501e-01   4.737931645451e-02  -9.457007218856e-02   0.000000000000e+00   0.000000000000e+00   0.000000000000e+00  -1.907815435489e-01   0.000000000000e+00  -9.432904723072e-02   3.447863534747e-01   0.000000000000e+00   0.000000000000e+00   0.000000000000e+00   0.000000000000e+00
   0.000000000000e+00   0.000000000000e+00   0.000000000000e+00  -5.876955360606e-01   3.474124848840e-01  -5.425255607086e-01   4.409404002501e-01   1.051551583773e-01   3.343658389818e-02  -6.672585815892e-02   0.000000000000e+00   0.000000000000e+00   0.000000000000e+00  -1.311942736457e-01   0.000000000000e+00  -1.646308575438e-01   3.263199338994e-02   0.000000000000e+00   0.000000000000e+00   0.000000000000e+00   0.000000000000e+00
   3.409090909091e-01  -1.563532073850e-01  -1.980674414420e-01   1.208041500172e-01  -3.770785896086e-02  -1.026450456139e-01   4.737931645451e-02   3.343658389818e-02   6.104054186259e-02  -6.648408089649e-01   2.116079948265e-01  -6.070646561259e-01  -7.854524711195e-01   2.030409362796e-01   3.076279666725e-01  -3.295774576612e-02   6.578019745557e-02   0.000000000000e+00   0.000000000000e+00  -7.854524711195e-01   0.000000000000e+00
  -1.265395894428e+00   4.467028133163e-01   9.935785154886e-02  -2.411598079979e-01   7.523009635444e-02   2.048489044989e-01  -9.457007218856e-02  -6.672585815892e-02  -6.648408089649e-01   2.569227163995e-01  -1.531858213247e-01   3.582035190355e-01   2.426675222266e-01  -1.102554420643e-01  -1.380189808555e-01   1.042243239133e-02  -2.080208151675e-02   0.000000000000e+00   0.000000000000e+00   3.300262609126e-01   0.000000000000e+00
   0.000000000000e+00   0.000000000000e+00   0.000000000000e+00   0.000000000000e+00   0.000000000000e+00   0.000000000000e+00   0.000000000000e+00   0.000000000000e+00   2.116079948265e-01  -1.531858213247e-01   2.912669724991e-02  -5.189918146932e-01  -5.959989917163e-01   4.056708271598e-01   1.205470402075e-01   2.869872333833e-02  -5.727963840200e-02   0.000000000000e+00   0.000000000000e+00  -8.518027365955e-01   0.000000000000e+00
   0.000000000000e+00   0.000000000000e+00   0.000000000000e+00   0.000000000000e+00   0.000000000000e+00   0.000000000000e+00   0.000000000000e+00   0.000000000000e+00  -6.070646561259e-01   3.582035190355e-01  -5.189918146932e-01   1.291382851749e-01   4.353396589213e-01  -1.869425690319e-01  -1.705218187651e-01  -1.352523576637e-02   2.699495029936e-02   0.000000000000e+00   0.000000000000e+00   1.693380997634e-01   0.000000000000e+00
