# Generated by Tahoe::DotLine_FormatterT $Revision: 1.1 $

begin: tahoe
title. . . . . . . . . . . . . . . . . . . . . . . = 2D uniaxial tension
author . . . . . . . . . . . . . . . . . . . . . . = paklein
geometry_format. . . . . . . . . . . . . . . . . . = TahoeII
geometry_format = TahoeII (default)
geometry_format = ExodusII
geometry_file. . . . . . . . . . . . . . . . . . . = ./geometry/square.1.geom
output_format. . . . . . . . . . . . . . . . . . . = Tahoe
output_format = Tahoe (default)
output_format = TecPlot
output_format = EnSight
output_format = ExodusII
restart_output_inc . . . . . . . . . . . . . . . . = 0
restart_output_inc >= 0 (default)
echo_input . . . . . . . . . . . . . . . . . . . . = false
echo_input(default) = false
compute_IC . . . . . . . . . . . . . . . . . . . . = true
compute_IC(default) = true

begin: tahoe::time
num_steps. . . . . . . . . . . . . . . . . . . . . = 1
num_steps >= 0
output_inc . . . . . . . . . . . . . . . . . . . . = 1
output_inc(default) = 0
max_step_cuts. . . . . . . . . . . . . . . . . . . = 0
max_step_cuts >= 0 (default)
time_step. . . . . . . . . . . . . . . . . . . . . = 1.000000e+00
time_step >= 0

begin: tahoe::time::schedule_function

begin: tahoe::time::schedule_function::piecewise_linear

begin: tahoe::time::schedule_function::piecewise_linear::OrderedPair
x. . . . . . . . . . . . . . . . . . . . . . . . . = 0.000000e+00
y. . . . . . . . . . . . . . . . . . . . . . . . . = 0.000000e+00
end: tahoe::time::schedule_function::piecewise_linear::OrderedPair

begin: tahoe::time::schedule_function::piecewise_linear::OrderedPair
x. . . . . . . . . . . . . . . . . . . . . . . . . = 1.000000e+00
y. . . . . . . . . . . . . . . . . . . . . . . . . = 1.000000e+00
end: tahoe::time::schedule_function::piecewise_linear::OrderedPair

end: tahoe::time::schedule_function::piecewise_linear

end: tahoe::time::schedule_function

end: tahoe::time

begin: tahoe::nodes

begin: tahoe::nodes::field
field_name . . . . . . . . . . . . . . . . . . . . = displacement
solution_group . . . . . . . . . . . . . . . . . . = 1
solution_group >= 1 (default)
integrator . . . . . . . . . . . . . . . . . . . . = static
integrator = linear_static
integrator = static (default)
integrator = trapezoid
integrator = linear_HHT
integrator = nonlinear_HHT
integrator = central_difference
integrator = Verlet
integrator = Gear6

begin: tahoe::nodes::field::dof_labels

begin: tahoe::nodes::field::dof_labels::String
value. . . . . . . . . . . . . . . . . . . . . . . = D_X
end: tahoe::nodes::field::dof_labels::String

begin: tahoe::nodes::field::dof_labels::String
value. . . . . . . . . . . . . . . . . . . . . . . = D_Y
end: tahoe::nodes::field::dof_labels::String

end: tahoe::nodes::field::dof_labels

begin: tahoe::nodes::field::kinematic_BC
node_ID. . . . . . . . . . . . . . . . . . . . . . = 1
dof. . . . . . . . . . . . . . . . . . . . . . . . = 2
type . . . . . . . . . . . . . . . . . . . . . . . = fixed
type = fixed (default)
type = u
type = D_u
type = DD_u
type = D3_u
type = D4_u
schedule . . . . . . . . . . . . . . . . . . . . . = 0
schedule(default) = 0
value. . . . . . . . . . . . . . . . . . . . . . . = 0.000000e+00
value(default) = 0.000000e+00
end: tahoe::nodes::field::kinematic_BC

begin: tahoe::nodes::field::kinematic_BC
node_ID. . . . . . . . . . . . . . . . . . . . . . = 2
dof. . . . . . . . . . . . . . . . . . . . . . . . = 2
type . . . . . . . . . . . . . . . . . . . . . . . = u
type = fixed (default)
type = u
type = D_u
type = DD_u
type = D3_u
type = D4_u
schedule . . . . . . . . . . . . . . . . . . . . . = 1
schedule(default) = 0
value. . . . . . . . . . . . . . . . . . . . . . . = 1.000000e-02
value(default) = 0.000000e+00
end: tahoe::nodes::field::kinematic_BC

begin: tahoe::nodes::field::kinematic_BC
node_ID. . . . . . . . . . . . . . . . . . . . . . = 3
dof. . . . . . . . . . . . . . . . . . . . . . . . = 1
type . . . . . . . . . . . . . . . . . . . . . . . = fixed
type = fixed (default)
type = u
type = D_u
type = DD_u
type = D3_u
type = D4_u
schedule . . . . . . . . . . . . . . . . . . . . . = 0
schedule(default) = 0
value. . . . . . . . . . . . . . . . . . . . . . . = 0.000000e+00
value(default) = 0.000000e+00
end: tahoe::nodes::field::kinematic_BC

begin: tahoe::nodes::field::kinematic_BC
node_ID. . . . . . . . . . . . . . . . . . . . . . = 4
dof. . . . . . . . . . . . . . . . . . . . . . . . = 1
type . . . . . . . . . . . . . . . . . . . . . . . = fixed
type = fixed (default)
type = u
type = D_u
type = DD_u
type = D3_u
type = D4_u
schedule . . . . . . . . . . . . . . . . . . . . . = 0
schedule(default) = 0
value. . . . . . . . . . . . . . . . . . . . . . . = 0.000000e+00
value(default) = 0.000000e+00
end: tahoe::nodes::field::kinematic_BC

end: tahoe::nodes::field

end: tahoe::nodes

begin: tahoe::element_list

begin: tahoe::element_list::small_strain
field_name . . . . . . . . . . . . . . . . . . . . = displacement
mass_type. . . . . . . . . . . . . . . . . . . . . = consistent_mass
mass_type = no_mass
mass_type = consistent_mass (default)
mass_type = lumped_mass
strain_displacement. . . . . . . . . . . . . . . . = standard
strain_displacement = standard (default)
strain_displacement = B-bar

begin: tahoe::element_list::small_strain::quadrilateral
num_ip . . . . . . . . . . . . . . . . . . . . . . = 4
num_ip = 1
num_ip = 4 (default)
num_ip = 5
num_ip = 9
num_ip = 16
end: tahoe::element_list::small_strain::quadrilateral

begin: tahoe::element_list::small_strain::solid_element_nodal_output
displacements. . . . . . . . . . . . . . . . . . . = 1
displacements(default) = 1
end: tahoe::element_list::small_strain::solid_element_nodal_output

begin: tahoe::element_list::small_strain::small_strain_element_block

begin: tahoe::element_list::small_strain::small_strain_element_block::block_ID_list

begin: tahoe::element_list::small_strain::small_strain_element_block::block_ID_list::String
value. . . . . . . . . . . . . . . . . . . . . . . = 1
end: tahoe::element_list::small_strain::small_strain_element_block::block_ID_list::String

end: tahoe::element_list::small_strain::small_strain_element_block::block_ID_list

begin: tahoe::element_list::small_strain::small_strain_element_block::small_strain_material_2D

begin: tahoe::element_list::small_strain::small_strain_element_block::small_strain_material_2D::small_strain_StVenant_2D
density. . . . . . . . . . . . . . . . . . . . . . = 1.000000e+00
density >= 0.000000e+00
constraint_2D. . . . . . . . . . . . . . . . . . . = plane_strain
constraint_2D = none
constraint_2D = plane_stress (default)
constraint_2D = plane_strain
CTE. . . . . . . . . . . . . . . . . . . . . . . . = 0.000000e+00
CTE(default) = 0.000000e+00

begin: tahoe::element_list::small_strain::small_strain_element_block::small_strain_material_2D::small_strain_StVenant_2D::E_and_nu
Young_modulus. . . . . . . . . . . . . . . . . . . = 1.000000e+02
Young_modulus > 0.000000e+00
Poisson_ratio. . . . . . . . . . . . . . . . . . . = 2.500000e-01
Poisson_ratio > -1.000000e+00
Poisson_ratio < 5.000000e-01
end: tahoe::element_list::small_strain::small_strain_element_block::small_strain_material_2D::small_strain_StVenant_2D::E_and_nu

end: tahoe::element_list::small_strain::small_strain_element_block::small_strain_material_2D::small_strain_StVenant_2D

end: tahoe::element_list::small_strain::small_strain_element_block::small_strain_material_2D

end: tahoe::element_list::small_strain::small_strain_element_block

end: tahoe::element_list::small_strain

end: tahoe::element_list

begin: tahoe::nonlinear_solver
print_eqnos. . . . . . . . . . . . . . . . . . . . = false
print_eqnos(default) = false
check_code . . . . . . . . . . . . . . . . . . . . = check_LHS
check_code = no_check (default)
check_code = small_pivots
check_code = print_LHS
check_code = print_RHS
check_code = print_solution
check_code = check_LHS
check_LHS_perturbation . . . . . . . . . . . . . . = 1.000000e-08
check_LHS_perturbation >= 0.000000e+00
check_LHS_perturbation(default) = 1.000000e-08
max_iterations . . . . . . . . . . . . . . . . . . = 10
min_iterations . . . . . . . . . . . . . . . . . . = 0
min_iterations(default) = 0
reform_tangent_iterations. . . . . . . . . . . . . = 1
reform_tangent_iterations(default) = 1
abs_tolerance. . . . . . . . . . . . . . . . . . . = 1.000000e-10
rel_tolerance. . . . . . . . . . . . . . . . . . . = 1.000000e-12
divergence_tolerance . . . . . . . . . . . . . . . = 1.000000e+01
quick_solve_iter . . . . . . . . . . . . . . . . . = 6
quick_solve_iter(default) = 6
quick_solve_count. . . . . . . . . . . . . . . . . = 3
quick_solve_count(default) = 3
output_inc . . . . . . . . . . . . . . . . . . . . = 0
output_inc >= 0 (default)

begin: tahoe::nonlinear_solver::profile_matrix
end: tahoe::nonlinear_solver::profile_matrix

end: tahoe::nonlinear_solver

end: tahoe


 E q u a t i o n    S y s t e m    D a t a :

 Local number of equations . . . . . . . . . . . = 10
 Total number of equations . . . . . . . . . . . = 10
 Number of terms in global matrix. . . . . . . . = 46
 Mean half bandwidth . . . . . . . . . . . . . . = 5
 Bandwidth . . . . . . . . . . . . . . . . . . . = 8
 Number of non-zero values (pre-factorization) . = 43
 Storage efficiency (% non-zero) . . . . . . . . = 9.347826e+01

 NLSolver::Solve:
      group = 1
 iterations = -1
 NLSolver::Solve:
      group = 1
 iterations = -1

reference LHS:

LHS matrix:

   1.066667e+02   3.552714e-15  -2.666667e+01  -2.666667e+01  -6.666667e+01  -4.440892e-16   0.000000e+00   0.000000e+00   0.000000e+00   0.000000e+00
   3.552714e-15   1.066667e+02  -2.000000e+01   2.000000e+01  -4.440892e-16   1.333333e+01   0.000000e+00   0.000000e+00   0.000000e+00   0.000000e+00
  -2.666667e+01  -2.000000e+01   1.066667e+02   0.000000e+00   1.333333e+01  -2.220446e-16  -2.666667e+01   2.000000e+01   0.000000e+00  -3.333333e+01
  -2.666667e+01   2.000000e+01   0.000000e+00   1.066667e+02   1.333333e+01   8.881784e-16  -2.666667e+01  -2.000000e+01  -3.333333e+01   0.000000e+00
  -6.666667e+01  -4.440892e-16   1.333333e+01   1.333333e+01   2.133333e+02   7.105427e-15  -6.666667e+01   6.661338e-16  -2.666667e+01  -2.666667e+01
  -4.440892e-16   1.333333e+01  -2.220446e-16   8.881784e-16   7.105427e-15   2.133333e+02   1.165734e-15   1.333333e+01   2.000000e+01  -2.000000e+01
   0.000000e+00   0.000000e+00  -2.666667e+01  -2.666667e+01  -6.666667e+01   1.165734e-15   1.066667e+02  -1.065814e-14   6.666667e+00   6.666667e+00
   0.000000e+00   0.000000e+00   2.000000e+01  -2.000000e+01   6.661338e-16   1.333333e+01  -1.065814e-14   1.066667e+02  -4.440892e-16  -8.881784e-16
   0.000000e+00   0.000000e+00   0.000000e+00  -3.333333e+01  -2.666667e+01   2.000000e+01   6.666667e+00  -4.440892e-16   5.333333e+01   0.000000e+00
   0.000000e+00   0.000000e+00  -3.333333e+01   0.000000e+00  -2.666667e+01  -2.000000e+01   6.666667e+00  -8.881784e-16   0.000000e+00   5.333333e+01



test LHS:

LHS matrix:

   1.066667e+02   0.000000e+00  -2.666667e+01  -2.666667e+01  -6.666667e+01   0.000000e+00   0.000000e+00   0.000000e+00   0.000000e+00   0.000000e+00
   0.000000e+00   1.066667e+02  -2.000000e+01   2.000000e+01   0.000000e+00   1.333333e+01   0.000000e+00   0.000000e+00   0.000000e+00   0.000000e+00
  -2.666667e+01  -2.000000e+01   1.066667e+02   0.000000e+00   1.333333e+01   0.000000e+00  -2.666667e+01   2.000000e+01   0.000000e+00  -3.333333e+01
  -2.666667e+01   2.000000e+01   0.000000e+00   1.066667e+02   1.333333e+01   0.000000e+00  -2.666667e+01  -2.000000e+01  -3.333333e+01   0.000000e+00
  -6.666667e+01   0.000000e+00   1.333333e+01   1.333333e+01   2.133333e+02   2.775558e-09  -6.666667e+01   2.775558e-09  -2.666667e+01  -2.666667e+01
   0.000000e+00   1.333333e+01   0.000000e+00   0.000000e+00   2.775558e-09   2.133333e+02   0.000000e+00   1.333333e+01   2.000000e+01  -2.000000e+01
   0.000000e+00   0.000000e+00  -2.666667e+01  -2.666667e+01  -6.666667e+01   0.000000e+00   1.066667e+02  -2.775558e-09   6.666667e+00   6.666667e+00
   0.000000e+00   0.000000e+00   2.000000e+01  -2.000000e+01   2.775558e-09   1.333333e+01  -2.775558e-09   1.066667e+02   0.000000e+00   1.110223e-08
   0.000000e+00   0.000000e+00   0.000000e+00  -3.333333e+01  -2.666667e+01   2.000000e+01   6.666667e+00   0.000000e+00   5.333333e+01   0.000000e+00
   0.000000e+00   0.000000e+00  -3.333333e+01   0.000000e+00  -2.666667e+01  -2.000000e+01   6.666667e+00   1.110223e-08   0.000000e+00   5.333333e+01



 Converged at time = 1.000000e+00

 Time = 1.000000e+00
 Step 1 of 1

   Start time: Fri Jan  7 13:24:01 2005
 Construction: 3.000000e-02 sec.
     Solution: 2.000000e-02 sec.
    Stop time: Fri Jan  7 13:24:02 2005

 End Execution

