# Generated by Tahoe::DotLine_FormatterT $Revision: 1.1 $

begin: tahoe
title. . . . . . . . . . . . . . . . . . . . . . . = 2D uniaxial tension
author . . . . . . . . . . . . . . . . . . . . . . = paklein
geometry_format. . . . . . . . . . . . . . . . . . = TahoeII
geometry_format = TahoeII (default)
geometry_format = ExodusII
geometry_file. . . . . . . . . . . . . . . . . . . = ./geometry/square.1.geom
output_format. . . . . . . . . . . . . . . . . . . = Tahoe
output_format = Tahoe (default)
output_format = TecPlot
output_format = EnSight
output_format = ExodusII
restart_output_inc . . . . . . . . . . . . . . . . = 0
restart_output_inc >= 0 (default)
echo_input . . . . . . . . . . . . . . . . . . . . = false
echo_input(default) = false
compute_IC . . . . . . . . . . . . . . . . . . . . = true
compute_IC(default) = true

begin: tahoe::time
num_steps. . . . . . . . . . . . . . . . . . . . . = 1
num_steps >= 0
output_inc . . . . . . . . . . . . . . . . . . . . = 1
output_inc(default) = 0
max_step_cuts. . . . . . . . . . . . . . . . . . . = 0
max_step_cuts >= 0 (default)
time_step. . . . . . . . . . . . . . . . . . . . . = 1.000000e+00
time_step >= 0

begin: tahoe::time::schedule_function

begin: tahoe::time::schedule_function::piecewise_linear

begin: tahoe::time::schedule_function::piecewise_linear::OrderedPair
x. . . . . . . . . . . . . . . . . . . . . . . . . = 0.000000e+00
y. . . . . . . . . . . . . . . . . . . . . . . . . = 0.000000e+00
end: tahoe::time::schedule_function::piecewise_linear::OrderedPair

begin: tahoe::time::schedule_function::piecewise_linear::OrderedPair
x. . . . . . . . . . . . . . . . . . . . . . . . . = 1.000000e+00
y. . . . . . . . . . . . . . . . . . . . . . . . . = 1.000000e+00
end: tahoe::time::schedule_function::piecewise_linear::OrderedPair

end: tahoe::time::schedule_function::piecewise_linear

end: tahoe::time::schedule_function

end: tahoe::time

begin: tahoe::nodes

begin: tahoe::nodes::field
field_name . . . . . . . . . . . . . . . . . . . . = displacement
solution_group . . . . . . . . . . . . . . . . . . = 1
solution_group >= 1 (default)
integrator . . . . . . . . . . . . . . . . . . . . = static
integrator = linear_static
integrator = static (default)
integrator = trapezoid
integrator = linear_HHT
integrator = nonlinear_HHT
integrator = central_difference
integrator = Verlet
integrator = Gear6

begin: tahoe::nodes::field::dof_labels

begin: tahoe::nodes::field::dof_labels::String
value. . . . . . . . . . . . . . . . . . . . . . . = D_X
end: tahoe::nodes::field::dof_labels::String

begin: tahoe::nodes::field::dof_labels::String
value. . . . . . . . . . . . . . . . . . . . . . . = D_Y
end: tahoe::nodes::field::dof_labels::String

end: tahoe::nodes::field::dof_labels

begin: tahoe::nodes::field::kinematic_BC
node_ID. . . . . . . . . . . . . . . . . . . . . . = 1
dof. . . . . . . . . . . . . . . . . . . . . . . . = 2
type . . . . . . . . . . . . . . . . . . . . . . . = fixed
type = fixed (default)
type = u
type = D_u
type = DD_u
type = D3_u
type = D4_u
schedule . . . . . . . . . . . . . . . . . . . . . = 0
schedule(default) = 0
value. . . . . . . . . . . . . . . . . . . . . . . = 0.000000e+00
value(default) = 0.000000e+00
end: tahoe::nodes::field::kinematic_BC

begin: tahoe::nodes::field::kinematic_BC
node_ID. . . . . . . . . . . . . . . . . . . . . . = 2
dof. . . . . . . . . . . . . . . . . . . . . . . . = 2
type . . . . . . . . . . . . . . . . . . . . . . . = u
type = fixed (default)
type = u
type = D_u
type = DD_u
type = D3_u
type = D4_u
schedule . . . . . . . . . . . . . . . . . . . . . = 1
schedule(default) = 0
value. . . . . . . . . . . . . . . . . . . . . . . = 1.000000e-02
value(default) = 0.000000e+00
end: tahoe::nodes::field::kinematic_BC

begin: tahoe::nodes::field::kinematic_BC
node_ID. . . . . . . . . . . . . . . . . . . . . . = 3
dof. . . . . . . . . . . . . . . . . . . . . . . . = 1
type . . . . . . . . . . . . . . . . . . . . . . . = fixed
type = fixed (default)
type = u
type = D_u
type = DD_u
type = D3_u
type = D4_u
schedule . . . . . . . . . . . . . . . . . . . . . = 0
schedule(default) = 0
value. . . . . . . . . . . . . . . . . . . . . . . = 0.000000e+00
value(default) = 0.000000e+00
end: tahoe::nodes::field::kinematic_BC

begin: tahoe::nodes::field::kinematic_BC
node_ID. . . . . . . . . . . . . . . . . . . . . . = 4
dof. . . . . . . . . . . . . . . . . . . . . . . . = 1
type . . . . . . . . . . . . . . . . . . . . . . . = fixed
type = fixed (default)
type = u
type = D_u
type = DD_u
type = D3_u
type = D4_u
schedule . . . . . . . . . . . . . . . . . . . . . = 0
schedule(default) = 0
value. . . . . . . . . . . . . . . . . . . . . . . = 0.000000e+00
value(default) = 0.000000e+00
end: tahoe::nodes::field::kinematic_BC

end: tahoe::nodes::field

end: tahoe::nodes

begin: tahoe::element_list

begin: tahoe::element_list::updated_lagrangian
field_name . . . . . . . . . . . . . . . . . . . . = displacement
mass_type. . . . . . . . . . . . . . . . . . . . . = consistent_mass
mass_type = no_mass
mass_type = consistent_mass (default)
mass_type = lumped_mass

begin: tahoe::element_list::updated_lagrangian::quadrilateral
num_ip . . . . . . . . . . . . . . . . . . . . . . = 4
num_ip = 1
num_ip = 4 (default)
num_ip = 5
num_ip = 9
num_ip = 16
end: tahoe::element_list::updated_lagrangian::quadrilateral

begin: tahoe::element_list::updated_lagrangian::solid_element_nodal_output
displacements. . . . . . . . . . . . . . . . . . . = 1
displacements(default) = 1
end: tahoe::element_list::updated_lagrangian::solid_element_nodal_output

begin: tahoe::element_list::updated_lagrangian::large_strain_element_block

begin: tahoe::element_list::updated_lagrangian::large_strain_element_block::block_ID_list

begin: tahoe::element_list::updated_lagrangian::large_strain_element_block::block_ID_list::String
value. . . . . . . . . . . . . . . . . . . . . . . = 1
end: tahoe::element_list::updated_lagrangian::large_strain_element_block::block_ID_list::String

end: tahoe::element_list::updated_lagrangian::large_strain_element_block::block_ID_list

begin: tahoe::element_list::updated_lagrangian::large_strain_element_block::large_strain_material_2D

begin: tahoe::element_list::updated_lagrangian::large_strain_element_block::large_strain_material_2D::Simo_J2_2D
density. . . . . . . . . . . . . . . . . . . . . . = 1.000000e+00
density >= 0.000000e+00
constraint_2D. . . . . . . . . . . . . . . . . . . = plane_strain
constraint_2D = none
constraint_2D = plane_stress
constraint_2D = plane_strain (default)
CTE. . . . . . . . . . . . . . . . . . . . . . . . = 0.000000e+00
CTE(default) = 0.000000e+00

begin: tahoe::element_list::updated_lagrangian::large_strain_element_block::large_strain_material_2D::Simo_J2_2D::E_and_nu
Young_modulus. . . . . . . . . . . . . . . . . . . = 1.000000e+02
Young_modulus > 0.000000e+00
Poisson_ratio. . . . . . . . . . . . . . . . . . . = 2.500000e-01
Poisson_ratio > -1.000000e+00
Poisson_ratio < 5.000000e-01
end: tahoe::element_list::updated_lagrangian::large_strain_element_block::large_strain_material_2D::Simo_J2_2D::E_and_nu

begin: tahoe::element_list::updated_lagrangian::large_strain_element_block::large_strain_material_2D::Simo_J2_2D::linear_function
a. . . . . . . . . . . . . . . . . . . . . . . . . = 0.000000e+00
b. . . . . . . . . . . . . . . . . . . . . . . . . = 1.000000e+02
end: tahoe::element_list::updated_lagrangian::large_strain_element_block::large_strain_material_2D::Simo_J2_2D::linear_function

end: tahoe::element_list::updated_lagrangian::large_strain_element_block::large_strain_material_2D::Simo_J2_2D

end: tahoe::element_list::updated_lagrangian::large_strain_element_block::large_strain_material_2D

end: tahoe::element_list::updated_lagrangian::large_strain_element_block

end: tahoe::element_list::updated_lagrangian

end: tahoe::element_list

begin: tahoe::nonlinear_solver
print_eqnos. . . . . . . . . . . . . . . . . . . . = false
print_eqnos(default) = false
check_code . . . . . . . . . . . . . . . . . . . . = check_LHS
check_code = no_check (default)
check_code = small_pivots
check_code = print_LHS
check_code = print_RHS
check_code = print_solution
check_code = check_LHS
check_LHS_perturbation . . . . . . . . . . . . . . = 1.000000e-08
check_LHS_perturbation >= 0.000000e+00
check_LHS_perturbation(default) = 1.000000e-08
max_iterations . . . . . . . . . . . . . . . . . . = 10
min_iterations . . . . . . . . . . . . . . . . . . = 0
min_iterations(default) = 0
reform_tangent_iterations. . . . . . . . . . . . . = 1
reform_tangent_iterations(default) = 1
abs_tolerance. . . . . . . . . . . . . . . . . . . = 1.000000e-10
rel_tolerance. . . . . . . . . . . . . . . . . . . = 1.000000e-12
divergence_tolerance . . . . . . . . . . . . . . . = 1.000000e+01
quick_solve_iter . . . . . . . . . . . . . . . . . = 6
quick_solve_iter(default) = 6
quick_solve_count. . . . . . . . . . . . . . . . . = 3
quick_solve_count(default) = 3
output_inc . . . . . . . . . . . . . . . . . . . . = 0
output_inc >= 0 (default)

begin: tahoe::nonlinear_solver::profile_matrix
end: tahoe::nonlinear_solver::profile_matrix

end: tahoe::nonlinear_solver

end: tahoe


 E q u a t i o n    S y s t e m    D a t a :

 Local number of equations . . . . . . . . . . . = 10
 Total number of equations . . . . . . . . . . . = 10
 Number of terms in global matrix. . . . . . . . = 82
 Mean half bandwidth . . . . . . . . . . . . . . = 9
 Bandwidth . . . . . . . . . . . . . . . . . . . = 8
 Storage efficiency (% non-zero) . . . . . . . . = 9.268293e+01

 NLSolver::Solve:
      group = 1
 iterations = -1
 NLSolver::Solve:
      group = 1
 iterations = -1

reference LHS:

LHS matrix:

   1.068322e+02  -7.596470e-02  -2.674944e+01  -2.666667e+01  -6.696444e+01   4.528650e-01   0.000000e+00   0.000000e+00   0.000000e+00   0.000000e+00
  -7.596470e-02   1.059521e+02  -1.992404e+01   2.000000e+01  -4.528650e-01   1.310826e+01   0.000000e+00   0.000000e+00   0.000000e+00   0.000000e+00
  -2.674944e+01  -1.992404e+01   1.069978e+02   0.000000e+00   1.376334e+01   2.220446e-16  -2.674944e+01   1.992404e+01   0.000000e+00  -3.363111e+01
  -2.666667e+01   2.000000e+01   0.000000e+00   1.066667e+02   1.333333e+01  -1.776357e-15  -2.666667e+01  -2.000000e+01  -3.333333e+01   0.000000e+00
  -6.696444e+01  -4.528650e-01   1.376334e+01   1.333333e+01   2.136644e+02   3.552714e-15  -6.696444e+01   4.528650e-01  -2.666667e+01  -2.674944e+01
   4.528650e-01   1.310826e+01   1.165734e-15  -8.881784e-16   7.105427e-15   2.119041e+02  -4.528650e-01   1.310826e+01   2.000000e+01  -1.992404e+01
   0.000000e+00   0.000000e+00  -2.674944e+01  -2.666667e+01  -6.696444e+01  -4.528650e-01   1.068322e+02   7.596470e-02   6.666667e+00   6.881670e+00
   0.000000e+00   0.000000e+00   1.992404e+01  -2.000000e+01   4.528650e-01   1.310826e+01   7.596470e-02   1.059521e+02   2.664535e-15  -4.528650e-01
   0.000000e+00   0.000000e+00   0.000000e+00  -3.333333e+01  -2.666667e+01   2.000000e+01   6.666667e+00   1.554312e-15   5.333333e+01   0.000000e+00
   0.000000e+00   0.000000e+00  -3.363111e+01   0.000000e+00  -2.674944e+01  -1.992404e+01   6.881670e+00  -4.528650e-01   0.000000e+00   5.349888e+01



test LHS:

LHS matrix:

   1.068322e+02  -7.596456e-02  -2.674944e+01  -2.666667e+01  -6.696444e+01   4.528646e-01   0.000000e+00   0.000000e+00   0.000000e+00   0.000000e+00
  -7.596488e-02   1.059521e+02  -1.992404e+01   2.000000e+01  -4.528652e-01   1.310826e+01   0.000000e+00   0.000000e+00   0.000000e+00   0.000000e+00
  -2.674944e+01  -1.992404e+01   1.069978e+02   0.000000e+00   1.376334e+01  -2.775558e-09  -2.674944e+01   1.992404e+01   0.000000e+00  -3.363111e+01
  -2.666667e+01   2.000000e+01   0.000000e+00   1.066667e+02   1.333333e+01   0.000000e+00  -2.666667e+01  -2.000000e+01  -3.333333e+01   0.000000e+00
  -6.696444e+01  -4.528646e-01   1.376334e+01   1.333333e+01   2.136644e+02   5.551115e-09  -6.696444e+01   4.528646e-01  -2.666667e+01  -2.674944e+01
   4.528648e-01   1.310826e+01  -3.996803e-07  -4.440892e-08  -4.440892e-07   2.119041e+02  -4.528652e-01   1.310826e+01   2.000000e+01  -1.992404e+01
   0.000000e+00   0.000000e+00  -2.674944e+01  -2.666667e+01  -6.696444e+01  -4.528646e-01   1.068322e+02   7.596456e-02   6.666667e+00   6.881670e+00
   0.000000e+00   0.000000e+00   1.992404e+01  -2.000000e+01   4.528648e-01   1.310826e+01   7.596445e-02   1.059521e+02  -5.551115e-08  -4.528652e-01
   0.000000e+00   0.000000e+00   0.000000e+00  -3.333333e+01  -2.666667e+01   2.000000e+01   6.666667e+00   3.193925e-08   5.333333e+01   0.000000e+00
   0.000000e+00   0.000000e+00  -3.363111e+01   0.000000e+00  -2.674944e+01  -1.992404e+01   6.881670e+00  -4.528644e-01   0.000000e+00   5.349888e+01



reference LHS:

LHS matrix:

   1.070729e+02  -1.826217e-04  -2.676820e+01  -2.676824e+01  -6.716143e+01   5.426098e-04   0.000000e+00   0.000000e+00   0.000000e+00   0.000000e+00
  -1.826217e-04   1.058925e+02  -1.997421e+01   1.997432e+01  -4.199493e-04   1.303483e+01   0.000000e+00   0.000000e+00   0.000000e+00   0.000000e+00
  -2.676820e+01  -1.997421e+01   1.070727e+02   0.000000e+00   1.362513e+01  -1.430436e-05  -2.676820e+01   1.997431e+01   0.000000e+00  -3.358071e+01
  -2.676824e+01   1.997432e+01   0.000000e+00   1.070730e+02   1.362487e+01  -1.378877e-05  -2.676824e+01  -1.997422e+01  -3.358072e+01   0.000000e+00
  -6.716143e+01  -4.199493e-04   1.362513e+01   1.362487e+01   2.141457e+02  -3.566600e-04  -6.716144e+01   8.294893e-04  -2.676824e+01  -2.676820e+01
   5.426098e-04   1.303483e+01  -1.430436e-05  -1.378877e-05  -3.566600e-04   2.117851e+02  -3.574413e-04   1.303483e+01   1.997437e+01  -1.997416e+01
   0.000000e+00   0.000000e+00  -2.676820e+01  -2.676824e+01  -6.716144e+01  -3.574413e-04   1.070729e+02  -1.493662e-04   6.812403e+00   6.812596e+00
   0.000000e+00   0.000000e+00   1.997431e+01  -1.997422e+01   8.294893e-04   1.303483e+01  -1.493662e-04   1.058925e+02   1.507655e-01  -1.515420e-01
   0.000000e+00   0.000000e+00   0.000000e+00  -3.358072e+01  -2.676824e+01   1.997437e+01   6.812403e+00   1.507655e-01   5.353656e+01   0.000000e+00
   0.000000e+00   0.000000e+00  -3.358071e+01   0.000000e+00  -2.676820e+01  -1.997416e+01   6.812596e+00  -1.515420e-01   0.000000e+00   5.353632e+01



test LHS:

LHS matrix:

   1.070729e+02  -1.823980e-04  -2.676820e+01  -2.676824e+01  -6.716143e+01   5.422572e-04   0.000000e+00   0.000000e+00   0.000000e+00   0.000000e+00
  -1.828482e-04   1.058925e+02  -1.997421e+01   1.997432e+01  -4.200307e-04   1.303483e+01   0.000000e+00   0.000000e+00   0.000000e+00   0.000000e+00
  -2.676820e+01  -1.997421e+01   1.070727e+02   0.000000e+00   1.362513e+01  -1.412109e-05  -2.676820e+01   1.997431e+01   0.000000e+00  -3.358071e+01
  -2.676824e+01   1.997431e+01   0.000000e+00   1.070730e+02   1.362487e+01  -1.359917e-05  -2.676824e+01  -1.997422e+01  -3.358072e+01   0.000000e+00
  -6.716144e+01  -4.196432e-04   1.362513e+01   1.362487e+01   2.141457e+02  -3.563600e-04  -6.716143e+01   8.290747e-04  -2.676824e+01  -2.676820e+01
   5.425438e-04   1.303483e+01  -1.482703e-05  -1.358913e-05  -3.563372e-04   2.117851e+02  -3.565925e-04   1.303483e+01   1.997437e+01  -1.997416e+01
   0.000000e+00   0.000000e+00  -2.676820e+01  -2.676824e+01  -6.716144e+01  -3.573887e-04   1.070729e+02  -1.494806e-04   6.812403e+00   6.812596e+00
   0.000000e+00   0.000000e+00   1.997431e+01  -1.997422e+01   8.293644e-04   1.303483e+01  -1.488309e-04   1.058925e+02   1.507659e-01  -1.515418e-01
   0.000000e+00   0.000000e+00   0.000000e+00  -3.358072e+01  -2.676824e+01   1.997437e+01   6.812403e+00   1.507662e-01   5.353656e+01   0.000000e+00
   0.000000e+00   0.000000e+00  -3.358071e+01   0.000000e+00  -2.676820e+01  -1.997416e+01   6.812595e+00  -1.515421e-01   0.000000e+00   5.353632e+01



reference LHS:

LHS matrix:

   1.070737e+02  -4.410339e-10  -2.676842e+01  -2.676842e+01  -6.716211e+01   1.749300e-09   0.000000e+00   0.000000e+00   0.000000e+00   0.000000e+00
  -4.410303e-10   1.058923e+02  -1.997431e+01   1.997431e+01  -1.180916e-09   1.303459e+01   0.000000e+00   0.000000e+00   0.000000e+00   0.000000e+00
  -2.676842e+01  -1.997431e+01   1.070737e+02   0.000000e+00   1.362526e+01  -1.518486e-10  -2.676842e+01   1.997431e+01   0.000000e+00  -3.358105e+01
  -2.676842e+01   1.997431e+01   0.000000e+00   1.070737e+02   1.362526e+01  -8.050229e-10  -2.676842e+01  -1.997431e+01  -3.358105e+01   0.000000e+00
  -6.716211e+01  -1.180917e-09   1.362526e+01   1.362526e+01   2.141474e+02   1.035833e-09  -6.716211e+01   2.866761e-09  -2.676842e+01  -2.676842e+01
   1.749299e-09   1.303459e+01  -1.518482e-10  -8.050258e-10   1.035843e-09   2.117847e+02  -2.347586e-09   1.303459e+01   1.997431e+01  -1.997431e+01
   0.000000e+00   0.000000e+00  -2.676842e+01  -2.676842e+01  -6.716211e+01  -2.347584e-09   1.070737e+02   2.045585e-09   6.812629e+00   6.812629e+00
   0.000000e+00   0.000000e+00   1.997431e+01  -1.997431e+01   2.866758e-09   1.303459e+01   2.045585e-09   1.058923e+02   1.508969e-01  -1.508969e-01
   0.000000e+00   0.000000e+00   0.000000e+00  -3.358105e+01  -2.676842e+01   1.997431e+01   6.812629e+00   1.508969e-01   5.353685e+01   0.000000e+00
   0.000000e+00   0.000000e+00  -3.358105e+01   0.000000e+00  -2.676842e+01  -1.997431e+01   6.812629e+00  -1.508969e-01   0.000000e+00   5.353685e+01



test LHS:

LHS matrix:

   1.070737e+02   9.520208e-08  -2.676842e+01  -2.676842e+01  -6.716210e+01   1.310268e-07   0.000000e+00   0.000000e+00   0.000000e+00   0.000000e+00
   5.773160e-07   1.058923e+02  -1.997431e+01   1.997431e+01  -1.776357e-07   1.303459e+01   0.000000e+00   0.000000e+00   0.000000e+00   0.000000e+00
  -2.676842e+01  -1.997431e+01   1.070737e+02   0.000000e+00   1.362526e+01  -2.067622e-07  -2.676842e+01   1.997431e+01   0.000000e+00  -3.358105e+01
  -2.676842e+01   1.997431e+01   0.000000e+00   1.070737e+02   1.362526e+01  -2.155331e-07  -2.676842e+01  -1.997431e+01  -3.358105e+01   0.000000e+00
  -6.716211e+01   4.321732e-07   1.362526e+01   1.362526e+01   2.141474e+02   1.498357e-07  -6.716210e+01   6.424604e-08  -2.676842e+01  -2.676842e+01
   6.217249e-07   1.303459e+01   1.332268e-07   2.664535e-07  -4.440892e-08   2.117847e+02   1.443290e-07   1.303459e+01   1.997431e+01  -1.997431e+01
   0.000000e+00   0.000000e+00  -2.676842e+01  -2.676842e+01  -6.716211e+01  -2.795653e-07   1.070737e+02  -5.853220e-07   6.812629e+00   6.812629e+00
   0.000000e+00   0.000000e+00   1.997431e+01  -1.997431e+01  -3.330669e-08   1.303459e+01   4.440892e-08   1.058923e+02   1.508970e-01  -1.508969e-01
   0.000000e+00   0.000000e+00   0.000000e+00  -3.358105e+01  -2.676842e+01   1.997431e+01   6.812629e+00   1.508974e-01   5.353685e+01   0.000000e+00
   0.000000e+00   0.000000e+00  -3.358105e+01   0.000000e+00  -2.676842e+01  -1.997431e+01   6.812629e+00  -1.508966e-01   0.000000e+00   5.353685e+01



 Converged at time = 1.000000e+00

 Time = 1.000000e+00
 Step 1 of 1

   Start time: Fri Jan  7 13:24:01 2005
 Construction: 3.000000e-02 sec.
     Solution: 8.000000e-02 sec.
    Stop time: Fri Jan  7 13:24:01 2005

 End Execution

